10 0.0004011999999420368 600
20 0.004297200000110024 2400
50 0.0015137000000322587 15000
100 0.0017202999999881285 60000
200 0.0013289000000895612 240000
500 0.0031380000000353903 1500000
1000 0.01388320000000931 6000000
2000 0.09269670000003316 24000000
5000 1.2847467999999935 150000000
10000 8.056076299999859 600000000
10 0.031075200000032055 600
20 0.00016090000008261995 2400
50 0.0003119000000424421 15000
100 0.00027890000001207227 60000
200 0.000638999999864609 240000
500 0.0031129999999848224 1500000
1000 0.01569100000006074 6000000
2000 0.09519280000017716 24000000
5000 1.1768465999998625 150000000
10000 7.891714299999876 600000000
10 0.030347399999982372 600
20 0.0001778000000740576 2400
50 0.0002598000000944012 15000
100 0.0002818000000388565 60000
200 0.0006660999999894557 240000
500 0.0031162999998741725 1500000
1000 0.015784500000108892 6000000
2000 0.09542309999983445 24000000
5000 1.1789631999999983 150000000
10000 8.274298399999907 600000000
10 0.029938500000071144 600
20 0.00023449999980584835 2400
50 0.00030119999996713887 15000
100 0.0003017999999883614 60000
200 0.000659799999993993 240000
500 0.0033472999998593878 1500000
1000 0.016855399999940346 6000000
2000 0.10591180000005807 24000000
5000 1.2782190000000355 150000000
10000 8.643128200000092 600000000
10 0.03290910000009717 600
20 0.00014399999986380863 2400
50 0.00031089999993128004 15000
100 0.000423899999987043 60000
200 0.0007473000000572938 240000
500 0.003470600000127888 1500000
1000 0.01760070000000269 6000000
2000 0.10350880000009965 24000000
5000 1.235080200000084 150000000
10000 8.640946499999927 600000000
10 0.031254600000011123 600
20 0.00017900000011650263 2400
50 0.0003013000000464672 15000
100 0.00038280000012491655 60000
200 0.0006975999999667692 240000
500 0.003308100000140257 1500000
1000 0.016051500000003216 6000000
2000 0.12172830000008616 24000000
5000 1.2494117999999617 150000000
10000 8.2944379999999 600000000
10 0.029807800000071438 600
20 0.0002672000000529806 2400
50 0.0002931999999873369 15000
100 0.0003274000000601518 60000
200 0.0006739000000379747 240000
500 0.0033811000000696367 1500000
1000 0.01708180000014181 6000000
2000 0.1072418999999627 24000000
5000 1.2452786999999716 150000000
10000 8.50856560000011 600000000
10 0.03267949999985831 600
20 0.00013970000009067007 2400
50 0.0002873000000818138 15000
100 0.0003319999998439016 60000
200 0.0006521999998767569 240000
500 0.0032662999999502063 1500000
1000 0.016610099999979866 6000000
2000 0.10293720000004214 24000000
5000 1.3460712999999487 150000000
10000 8.471307399999887 600000000
10 0.0336182999999437 600
20 0.00024080000002868474 2400
50 0.00026789999992615776 15000
100 0.0002872999998544401 60000
200 0.0006925999998657062 240000
500 0.0032624000000396336 1500000
1000 0.01674230000003263 6000000
2000 0.1069174000001567 24000000
5000 1.1065725999999358 150000000
10000 7.939873299999817 600000000
10 0.03280569999992622 600
20 0.0002761000000646163 2400
50 0.00027990000012323435 15000
100 0.0003670000000965956 60000
200 0.0006630000000313885 240000
500 0.0033318000000690517 1500000
1000 0.016844300000002477 6000000
2000 0.10211149999986446 24000000
5000 1.2726394000001164 150000000
10000 8.512720899999977 600000000
