10 0.00011470000026747584 1600
20 6.690000009257346e-05 6400
50 0.00041059999966819305 40000
100 0.00033540000003995374 160000
200 0.0006579999999303254 640000
500 0.004503199999817298 4000000
1000 0.02603079999971669 16000000
2000 0.17743610000025 64000000
5000 2.958759900000132 400000000
10000 17.25321679999979 1600000000
10 0.05999070000007123 1600
20 0.00019249999968451448 6400
50 0.00017630000002100132 40000
100 0.0003941999998460233 160000
200 0.0006626000003961963 640000
500 0.0036909000000378 4000000
1000 0.025293600000168226 16000000
2000 0.19390480000038224 64000000
5000 2.3715787000001 400000000
10000 18.17325299999993 1600000000
10 0.05198160000009011 1600
20 0.00015050000001792796 6400
50 0.0002509000000827655 40000
100 0.00038380000023607863 160000
200 0.0006002999998599989 640000
500 0.004098500000054628 4000000
1000 0.02627340000026379 16000000
2000 0.19900779999989027 64000000
5000 2.563359700000092 400000000
10000 18.082710600000155 1600000000
10 0.06110090000038326 1600
20 0.0001474999999118154 6400
50 0.00022050000006856862 40000
100 0.000287800000023708 160000
200 0.0006241999999474501 640000
500 0.004098100000192062 4000000
1000 0.026469599999927595 16000000
2000 0.19501960000025065 64000000
5000 2.4441099000000577 400000000
10000 17.836858799999845 1600000000
10 0.0605307000000721 1600
20 0.00014449999980570283 6400
50 0.0002231000003121153 40000
100 0.00035120000029564835 160000
200 0.0006103999999140797 640000
500 0.0034515999996074243 4000000
1000 0.026510400000006484 16000000
2000 0.1751472000000831 64000000
5000 2.3789004000000205 400000000
10000 17.70460950000006 1600000000
10 0.05393500000036511 1600
20 0.00014349999992191442 6400
50 0.0001698999999462103 40000
100 0.00039559999959237757 160000
200 0.0005816000002596411 640000
500 0.004057299999658426 4000000
1000 0.026133800000025076 16000000
2000 0.20093369999995048 64000000
5000 2.4999087999999574 400000000
10000 17.823589500000253 1600000000
10 0.05852550000008705 1600
20 0.00012930000002597808 6400
50 0.00023460000011255033 40000
100 0.00030169999990903307 160000
200 0.0006161000001156935 640000
500 0.0043783999999504886 4000000
1000 0.026591499999994994 16000000
2000 0.19012689999999566 64000000
5000 2.5283665000001747 400000000
10000 18.064831099999992 1600000000
10 0.055493899999873975 1600
20 0.00013349999971978832 6400
50 0.0003233000002182962 40000
100 0.0003351000000293425 160000
200 0.0006478000000242901 640000
500 0.004156099999818252 4000000
1000 0.025726700000177516 16000000
2000 0.19294919999993 64000000
5000 2.4560277999999016 400000000
10000 17.594533200000114 1600000000
10 0.05854139999973995 1600
20 0.0001560000000608852 6400
50 0.0003231999999115942 40000
100 0.00030089999972915393 160000
200 0.0006014000000504893 640000
500 0.004066700000294077 4000000
1000 0.025753100000201812 16000000
2000 0.1917460999998184 64000000
5000 2.2945701000003282 400000000
10000 17.853711700000076 1600000000
10 0.05996270000014192 1600
20 0.0001434000000699598 6400
50 0.0002380000000812288 40000
100 0.00032710000004954054 160000
200 0.0006478000000242901 640000
500 0.00345740000011574 4000000
1000 0.0276531999998042 16000000
2000 0.1821681000001263 64000000
5000 2.4289506999998594 400000000
10000 17.39642780000031 1600000000
