10 0.00014519999990625365 800
20 0.0003423999999085936 3200
50 0.0003269000001182576 20000
100 0.00035010000010515796 80000
200 0.0005810000000110449 320000
500 0.0025029999999333086 2000000
1000 0.01289849999989201 8000000
2000 0.08819819999985157 32000000
5000 1.2651480999998057 200000000
10000 8.659173799999962 800000000
10 0.027017300000125033 800
20 0.00015010000015536207 3200
50 0.0001502000000073167 20000
100 0.0003443999999035441 80000
200 0.00047109999991334917 320000
500 0.0024312999998983287 2000000
1000 0.012211400000069261 8000000
2000 0.09142270000006647 32000000
5000 1.1642887999998948 200000000
10000 7.856591700000081 800000000
10 0.027428699999973105 800
20 0.00015140000004976173 3200
50 0.00020760000006703194 20000
100 0.000351199999840901 80000
200 0.0004281999999875552 320000
500 0.00245060000020203 2000000
1000 0.012967599999910817 8000000
2000 0.09021789999997054 32000000
5000 1.1572681000000102 200000000
10000 8.546889700000065 800000000
10 0.03015100000015991 800
20 0.00023399999986395414 3200
50 0.00016460000006190967 20000
100 0.00045230000000628934 80000
200 0.0004931000000851782 320000
500 0.002472300000135874 2000000
1000 0.012949199999866323 8000000
2000 0.09328070000015032 32000000
5000 1.1894320999999763 200000000
10000 8.604939000000059 800000000
10 0.032055500000069514 800
20 0.00017700000012155215 3200
50 0.0002271000000746426 20000
100 0.00028029999998580024 80000
200 0.0004718999998658546 320000
500 0.0022421000001031643 2000000
1000 0.011768599999868457 8000000
2000 0.09867900000017471 32000000
5000 1.3416610000001583 200000000
10000 8.590578200000209 800000000
10 0.0298757000000478 800
20 0.00015630000007149647 3200
50 0.00017929999989974021 20000
100 0.00039209999999911815 80000
200 0.0005103000000872271 320000
500 0.0025866000000860367 2000000
1000 0.013515300000108255 8000000
2000 0.09845289999998386 32000000
5000 1.2609646999999313 200000000
10000 8.499101699999983 800000000
10 0.028938199999856806 800
20 0.00016269999991891382 3200
50 0.0002056999999240361 20000
100 0.000367999999980384 80000
200 0.0005157999999028107 320000
500 0.0022611999997934618 2000000
1000 0.013447199999973236 8000000
2000 0.09836020000011558 32000000
5000 1.292688200000157 200000000
10000 8.532269400000132 800000000
10 0.027859599999828788 800
20 0.00015880000000834116 3200
50 0.00018230000000585278 20000
100 0.0003733000000920583 80000
200 0.0004988000000594184 320000
500 0.0024825000000419095 2000000
1000 0.012948800000003757 8000000
2000 0.09668259999989459 32000000
5000 1.274804099999983 200000000
10000 8.828176600000006 800000000
10 0.02922960000000785 800
20 0.00016600000003563764 3200
50 0.00025550000009388896 20000
100 0.00033230000008188654 80000
200 0.00047979999999370193 320000
500 0.002464000000145461 2000000
1000 0.012389099999836617 8000000
2000 0.095916200000147 32000000
5000 1.2513616999999613 200000000
10000 8.797686500000054 800000000
10 0.028535500000089087 800
20 0.0001570000001720473 3200
50 0.00019389999988561613 20000
100 0.0004073000000062166 80000
200 0.0004696999999396212 320000
500 0.0025247000000945263 2000000
1000 0.012552200000072844 8000000
2000 0.09778840000012679 32000000
5000 1.3294404000000668 200000000
10000 8.492191999999932 800000000
