10 0.00042119999989154167 1600
20 0.00016959999993559904 6400
50 0.00017889999980980065 40000
100 0.0003010000000358559 160000
200 0.000611899999967136 640000
500 0.004299700000046869 4000000
1000 0.027822800000194547 16000000
2000 0.17228410000006988 64000000
5000 2.689121000000341 400000000
10000 17.202202000000398 1600000000
10 0.05704149999974106 1600
20 0.0002085000000988657 6400
50 0.00043850000020029256 40000
100 0.0003378999999767984 160000
200 0.0006339999999909196 640000
500 0.0034191999998256506 4000000
1000 0.024190200000248296 16000000
2000 0.18872460000011415 64000000
5000 2.386199199999737 400000000
10000 18.048563000000286 1600000000
10 0.05719180000005508 1600
20 0.00020109999968553893 6400
50 0.00023869999995440594 40000
100 0.0003363000000717875 160000
200 0.0007003000000622706 640000
500 0.00445720000016081 4000000
1000 0.025985700000092038 16000000
2000 0.1875081999996837 64000000
5000 2.417603500000041 400000000
10000 17.963087799999812 1600000000
10 0.050809100000151375 1600
20 9.76999999693362e-05 6400
50 0.00020459999996091938 40000
100 0.00045260000024427427 160000
200 0.0006808999996792409 640000
500 0.004026600000088365 4000000
1000 0.024538899999697605 16000000
2000 0.20193380000000616 64000000
5000 2.4990506999997706 400000000
10000 17.855694900000344 1600000000
10 0.05719390000012936 1600
20 0.00015140000004976173 6400
50 0.0002334000000701053 40000
100 0.0003380000002835004 160000
200 0.0007145999998101615 640000
500 0.004334799999924144 4000000
1000 0.02717050000001109 16000000
2000 0.19379459999981918 64000000
5000 2.3880788000001303 400000000
10000 18.105425100000048 1600000000
10 0.05303219999996145 1600
20 0.00014529999998558196 6400
50 0.00023230000033436227 40000
100 0.00035109999998894637 160000
200 0.0006615000002057059 640000
500 0.003555899999810208 4000000
1000 0.0261900999998943 16000000
2000 0.19774399999960224 64000000
5000 2.4197316999998293 400000000
10000 17.738252300000113 1600000000
10 0.055035899999893445 1600
20 0.00013829999988956843 6400
50 0.00015970000004017493 40000
100 0.0004011999999420368 160000
200 0.0006730000000061409 640000
500 0.004145799999605515 4000000
1000 0.027546799999981886 16000000
2000 0.19903849999991508 64000000
5000 2.4632911000003332 400000000
10000 17.443988099999842 1600000000
10 0.05554059999985839 1600
20 0.00015029999985927134 6400
50 0.0002355000001443841 40000
100 0.00041329999976369436 160000
200 0.0007428999997500796 640000
500 0.0039831999997659295 4000000
1000 0.024595900000349502 16000000
2000 0.19234880000021803 64000000
5000 2.505329999999958 400000000
10000 17.284114600000066 1600000000
10 0.05792340000016338 1600
20 0.00019629999997050618 6400
50 0.0002760000002126617 40000
100 0.00040239999998448184 160000
200 0.0006694999997307605 640000
500 0.003865000000132568 4000000
1000 0.024022799999784183 16000000
2000 0.17970860000014 64000000
5000 2.424289399999907 400000000
10000 17.205166199999894 1600000000
10 0.05860289999964152 1600
20 0.00018499999987398041 6400
50 0.00021440000000438886 40000
100 0.00032170000031328527 160000
200 0.0007071999998515821 640000
500 0.004268099999990227 4000000
1000 0.024117200000091543 16000000
2000 0.19092540000019653 64000000
5000 2.442963299999974 400000000
10000 17.845592099999976 1600000000
