10 2.970000059576705e-05 1200
20 9.700000191514846e-06 4800
50 3.680000008898787e-05 30000
100 2.3399999918183312e-05 120000
200 0.00013020000005781185 480000
500 0.0011796999997386592 3000000
1000 0.008970700000645593 12000000
2000 0.05560169999989739 48000000
5000 0.9914371000004394 300000000
10000 6.970807400000012 1200000000
20000 55.49921709999944 4800000000
10 0.13659980000011274 1200
20 5.809999947814504e-05 4800
50 9.169999975711107e-05 30000
100 2.609999955893727e-05 120000
200 8.100000013655517e-05 480000
500 0.0008943000002545887 3000000
1000 0.00907550000010815 12000000
2000 0.06502980000004754 48000000
5000 0.9337969999996858 300000000
10000 7.034423699999934 1200000000
20000 55.8365888999997 4800000000
10 0.12566609999976208 1200
20 2.119999953720253e-05 4800
50 0.0004117999997106381 30000
100 2.1799999558425043e-05 120000
200 8.929999967222102e-05 480000
500 0.000872200000230805 3000000
1000 0.009347499999421416 12000000
2000 0.06745420000061131 48000000
5000 0.9629610000001776 300000000
10000 7.185990099999799 1200000000
20000 56.7923265999998 4800000000
10 0.11438359999920067 1200
20 1.939999947353499e-05 4800
50 4.129999979340937e-05 30000
100 8.900000011635711e-05 120000
200 0.00012090000018361025 480000
500 0.0012353000001894543 3000000
1000 0.008922500000153377 12000000
2000 0.06047660000058386 48000000
5000 0.9309063999999125 300000000
10000 7.124984900000527 1200000000
20000 56.41459380000015 4800000000
10 0.1279912999998487 1200
20 2.1500000002561137e-05 4800
50 0.0001052999996318249 30000
100 0.00021860000015294645 120000
200 0.00011029999950551428 480000
500 0.001247900000635127 3000000
1000 0.008424000000559317 12000000
2000 0.06761769999957323 48000000
5000 0.9197494000000006 300000000
10000 7.067024599999968 1200000000
20000 56.05881049999971 4800000000
10 0.11987339999996038 1200
20 1.8999999156221747e-05 4800
50 0.0001160000001618755 30000
100 2.6000000616477337e-05 120000
200 0.00011730000005627517 480000
500 0.0008636000002297806 3000000
1000 0.005051399999501882 12000000
2000 0.06530579999980546 48000000
5000 0.9348907000003237 300000000
10000 7.174453100000392 1200000000
20000 56.12929470000017 4800000000
10 0.11524329999974725 1200
20 2.3599999622092582e-05 4800
50 0.0001480999999330379 30000
100 2.8899999961140566e-05 120000
200 0.00010889999975915998 480000
500 0.0011660000000119908 3000000
1000 0.008462400000098569 12000000
2000 0.06667300000026444 48000000
5000 0.9490999999998166 300000000
10000 7.080856099999437 1200000000
20000 56.12317710000025 4800000000
10 0.12539620000006835 1200
20 2.1099999685247894e-05 4800
50 8.489999981975416e-05 30000
100 0.00011389999963284936 120000
200 0.00012129999959142879 480000
500 0.001245800000106101 3000000
1000 0.009365100000650273 12000000
2000 0.06817049999972369 48000000
5000 0.9511138000007122 300000000
10000 7.224646499999835 1200000000
20000 56.00969739999982 4800000000
10 0.12775020000026416 1200
20 2.1300000298651867e-05 4800
50 3.960000049119117e-05 30000
100 5.2099999265919905e-05 120000
200 0.0001914000004035188 480000
500 0.001030200000059267 3000000
1000 0.012739499999952386 12000000
2000 0.08747730000050069 48000000
5000 1.074618499999815 300000000
10000 7.300936200000251 1200000000
20000 55.77069980000033 4800000000
10 0.11952779999955965 1200
20 2.0899999981338624e-05 4800
50 0.0001007999999274034 30000
100 2.5499999537714757e-05 120000
200 9.559999944031006e-05 480000
500 0.001155799999651208 3000000
1000 0.00830249999944499 12000000
2000 0.06919770000058634 48000000
5000 0.9504429999997228 300000000
10000 6.857619000000341 1200000000
20000 55.18397359999926 4800000000
10 0.12637830000039685 1200
20 2.1099999685247894e-05 4800
50 0.0003222999994250131 30000
100 2.4199999643315095e-05 120000
200 9.420000060345046e-05 480000
500 0.0011553999993338948 3000000
1000 0.009045599999808474 12000000
2000 0.06693939999968279 48000000
5000 0.937915399999838 300000000
10000 7.111826800000017 1200000000
20000 58.610122500000216 4800000000
