10 5.5900000006658956e-05 1600
20 3.0700000024808105e-05 6400
50 0.00019959999997354316 40000
100 0.0003375000000005457 160000
200 0.000584199999991597 640000
500 0.004197900000008303 4000000
1000 0.028753499999993437 16000000
2000 0.1997739999999908 64000000
5000 2.9072199000000296 400000000
10000 17.6633559 1600000000
10 0.060359900000037214 1600
20 6.529999996018887e-05 6400
50 0.00011580000000321888 40000
100 0.00026479999996809056 160000
200 0.0007416000000262102 640000
500 0.005455100000006041 4000000
1000 0.039561300000002575 16000000
2000 0.24786419999998088 64000000
5000 2.5120284999999853 400000000
10000 18.875911900000006 1600000000
10 0.06092790000002424 1600
20 0.00012950000001410444 6400
50 0.0001265999999873202 40000
100 0.00016720000002123925 160000
200 0.0006207999999787717 640000
500 0.004205699999999979 4000000
1000 0.03690710000000763 16000000
2000 0.25994029999998247 64000000
5000 2.5707575000000134 400000000
10000 18.679384099999993 1600000000
10 0.05917719999996507 1600
20 8.460000003651658e-05 6400
50 0.0001637000000300759 40000
100 0.00021899999995866892 160000
200 0.0005519000000049346 640000
500 0.00421080000000984 4000000
1000 0.032969600000001265 16000000
2000 0.2661032999999975 64000000
5000 2.4606815999999867 400000000
10000 18.711375599999997 1600000000
10 0.06028009999999995 1600
20 6.660000002511879e-05 6400
50 0.0003158000000098582 40000
100 0.00014009999995323597 160000
200 0.0005633999999758998 640000
500 0.004745000000013988 4000000
1000 0.03592559999998457 16000000
2000 0.2550297999999884 64000000
5000 2.5447770000000105 400000000
10000 18.721918200000005 1600000000
10 0.059558499999980086 1600
20 7.820000001856897e-05 6400
50 0.0001449999999749707 40000
100 0.0001829000000270753 160000
200 0.0006259000000454762 640000
500 0.005134499999996933 4000000
1000 0.03988370000001851 16000000
2000 0.2589566999999988 64000000
5000 2.5882162000000335 400000000
10000 19.087623000000008 1600000000
10 0.06007520000002842 1600
20 8.919999999079664e-05 6400
50 0.00016829999998435596 40000
100 0.00019190000000435248 160000
200 0.0007281999999690925 640000
500 0.0041792000000100415 4000000
1000 0.033274799999958304 16000000
2000 0.26261350000004313 64000000
5000 2.5248469 400000000
10000 18.72791799999999 1600000000
10 0.05832079999998996 1600
20 6.569999999328502e-05 6400
50 9.1999999995096e-05 40000
100 0.00013759999995954786 160000
200 0.0005609000000390552 640000
500 0.004192299999999705 4000000
1000 0.0362976000000117 16000000
2000 0.23205219999999827 64000000
5000 2.5454158000000007 400000000
10000 18.655448499999977 1600000000
10 0.05868249999997488 1600
20 6.620000004886606e-05 6400
50 0.00011729999999943175 40000
100 0.00023920000000998698 160000
200 0.000567100000012033 640000
500 0.004296300000021347 4000000
1000 0.03907939999999144 16000000
2000 0.2556584000000157 64000000
5000 2.6379421999999977 400000000
10000 18.801890199999946 1600000000
10 0.061124500000005355 1600
20 7.690000001048247e-05 6400
50 0.00029999999998153726 40000
100 0.00019839999998794156 160000
200 0.0006002000000080443 640000
500 0.00515899999999192 4000000
1000 0.03957029999997985 16000000
2000 0.24007740000001832 64000000
5000 2.6067453 400000000
10000 18.797536399999956 1600000000
