10 0.00695920000000072 800
20 0.00012139999999938311 3200
50 0.0005424999999998903 20000
100 0.00032629999999933545 80000
200 0.0012859000000009502 320000
500 0.006639800000000307 2000000
1000 0.033830800000000494 8000000
2000 0.21048560000000016 32000000
5000 2.9457088000000002 200000000
10000 19.5377499 800000000
10 0.0158473999999984 800
20 7.250000000169621e-05 3200
50 0.00022260000000073887 20000
100 0.0002934999999979482 80000
200 0.0007957999999987919 320000
500 0.006313199999993913 2000000
1000 0.037019700000001876 8000000
2000 0.27792240000000135 32000000
5000 2.7863874999999965 200000000
10000 19.6314116 800000000
10 0.015940999999997985 800
20 7.399999999790907e-05 3200
50 0.00015090000000128612 20000
100 0.00023209999999806996 80000
200 0.0008677000000005819 320000
500 0.006220200000001341 2000000
1000 0.041842899999998906 8000000
2000 0.27030010000000004 32000000
5000 2.628350300000001 200000000
10000 20.197525400000004 800000000
10 0.01621459999999786 800
20 6.92999999927224e-05 3200
50 0.00013260000000059335 20000
100 0.00043560000000297805 80000
200 0.0007264999999989641 320000
500 0.005524600000001101 2000000
1000 0.03642150000000299 8000000
2000 0.28454729999999984 32000000
5000 2.6047592000000037 200000000
10000 19.4930023 800000000
10 0.015582800000004227 800
20 7.420000000024629e-05 3200
50 0.00019040000000813961 20000
100 0.0005491999999946984 80000
200 0.0019783999999987145 320000
500 0.0077464000000020405 2000000
1000 0.04274619999999629 8000000
2000 0.26461099999998794 32000000
5000 2.7544703000000084 200000000
10000 19.490356000000006 800000000
10 0.016356000000001814 800
20 7.600000000707041e-05 3200
50 0.00024050000001807348 20000
100 0.0002805000000023483 80000
200 0.000823400000001584 320000
500 0.0070098999999856915 2000000
1000 0.0408085999999912 8000000
2000 0.27730540000001724 32000000
5000 2.755512799999991 200000000
10000 19.319253299999986 800000000
10 0.016425199999986262 800
20 6.930000000693326e-05 3200
50 0.0001559000000099786 20000
100 0.00020480000000588916 80000
200 0.0006453999999962434 320000
500 0.0054757999999992535 2000000
1000 0.05128439999998591 8000000
2000 0.2719385000000045 32000000
5000 2.706417200000004 200000000
10000 19.442124799999988 800000000
10 0.016071200000027375 800
20 7.379999999557185e-05 3200
50 0.00020610000001397566 20000
100 0.00029250000000047294 80000
200 0.0007689999999911379 320000
500 0.00600289999999859 2000000
1000 0.04782800000000975 8000000
2000 0.28471800000002645 32000000
5000 2.755031500000001 200000000
10000 19.379727400000007 800000000
10 0.015789000000012265 800
20 6.870000001413246e-05 3200
50 0.0001278999999954067 20000
100 0.0002819999999985612 80000
200 0.0007954000000154338 320000
500 0.006704899999988356 2000000
1000 0.043668100000019194 8000000
2000 0.27583020000000147 32000000
5000 2.6032156999999927 200000000
10000 19.73655820000002 800000000
10 0.01650790000002189 800
20 7.35000000133823e-05 3200
50 0.0001598000000058164 20000
100 0.00024200000001428634 80000
200 0.0006497999999908188 320000
500 0.005249600000013288 2000000
1000 0.04256159999999909 8000000
2000 0.29541929999999184 32000000
5000 2.7956589000000065 200000000
10000 19.20807160000001 800000000
