 2 1.5499999790336005e-05 0.0033815999995567836
 5 2.7100000806967728e-05 7.00999989931006e-05
 10 3.8500000300700776e-05 1.3099999705445953e-05
 15 0.00014430000010179356 7.499998901039362e-06
 20 0.00011889999950653873 2.3399999918183312e-05
 25 0.00021410000044852495 4.199999966658652e-05
 50 0.00017099999968195334 0.0010571000002528308
 100 0.0003235000003769528 5.199999941396527e-05
 200 0.0005639999999402789 0.0008830000006128103
 500 0.0019887999987986404 0.0021386000007623807
 1000 0.004817700000785408 0.018595499999719323
 2000 0.009615900000426336 0.11771389999921666
 5000 0.02330439999968803 2.0548132000003534
 10000 0.06828349999886996 14.507907200000773
 20000 0.20861560000048485 117.67062339999939
 2 0.5342844999995577 0.2911693000005471
 5 0.00013829999988956843 0.004212800000459538
 10 0.0001097999993362464 3.110000034212135e-05
 15 0.00028510000083770137 1.799999881768599e-05
 20 0.0003300000007584458 3.169999945384916e-05
 25 0.0006066999994800426 0.00012659999993047677
 50 0.0006627000002481509 0.000910999999177875
 100 0.0009238999991794117 0.0002590000003692694
 200 0.001996599999984028 0.0011217000010219635
 500 0.0024229999999079155 0.004124999999476131
 1000 0.004854900000282214 0.027374400000553578
 2000 0.009263699999792152 0.11746970000058354
 5000 0.021608999999443768 1.8341325000001234
 10000 0.07485059999999066 14.470876399998815
 20000 0.21872939999957453 115.98965130000033
 2 0.2671762000009039 0.10309690000030969
 5 3.859999924316071e-05 9.440000030735973e-05
 10 3.5600000046542846e-05 1.4799999917158857e-05
 15 0.00019600000086938962 8.700000762473792e-06
 20 0.00041310000051453244 3.189999915775843e-05
 25 0.0002316999998583924 8.580000030633528e-05
 50 0.0002879999992728699 0.0006164000005810522
 100 0.00046939999992900994 9.620000128052197e-05
 200 0.0010507000006327871 0.0005333999997674255
 500 0.0018273999994562473 0.0025998999990406446
 1000 0.005624299999908544 0.019535800000085146
 2000 0.01049080000120739 0.11483620000035444
 5000 0.02329979999922216 1.9414006000006339
 10000 0.07194189999972878 14.519493599998896
 20000 0.22360979999939445 114.69364049999967
 2 0.45820699999967474 0.29602259999956004
 5 4.0099999750964344e-05 9.399999908055179e-05
 10 3.35000004270114e-05 1.4000001101521775e-05
 15 0.00013519999993150122 9.699999282020144e-06
 20 9.550000140734483e-05 2.4499999199179e-05
 25 0.00037650000012945384 6.969999958528206e-05
 50 0.00028540000130306 0.0006489999996119877
 100 0.0004929000006086426 0.0001609999999345746
 200 0.0010505000009288779 0.0005861999998160172
 500 0.0014224000005924609 0.002622500000143191
 1000 0.003588200001104269 0.020031599999128957
 2000 0.01009400000111782 0.12716809999983525
 5000 0.023019400001430768 1.8729723999986163
 10000 0.06378540000150679 14.679401299999881
 20000 0.20307339999999385 113.70982969999932
 2 0.450502100000449 0.2579132999999274
 5 5.8000001445179805e-05 4.259999877831433e-05
 10 0.00012590000005729962 1.6599999071331695e-05
 15 0.00034559999949124176 2.8899999961140566e-05
 20 0.00048459999925398733 2.010000025620684e-05
 25 0.0005791000003227964 0.0001229999998031417
 50 0.00033350000012433156 0.00012849999984609894
 100 0.0003735999998752959 0.00013609999950858764
 200 0.0021796999990328914 0.0004299000011087628
 500 0.0020915000004606554 0.0028459000004659174
 1000 0.005550800000492018 0.02027040000029956
 2000 0.011854899999889312 0.12938129999929515
 5000 0.024919999999838183 1.9338500000012573
 10000 0.06865620000098716 14.343870999999126
 20000 0.19747969999843917 115.40090710000004
 2 0.45440599999892584 0.2640009000006103
 5 3.7900001188972965e-05 0.00012489999971876387
 10 5.199999941396527e-05 1.5999999959603883e-05
 15 0.0001933999992616009 3.8300000596791506e-05
 20 0.00014430000010179356 3.859999924316071e-05
 25 0.00033650000113993883 0.00014099999862082768
 50 0.00028529999872262124 0.0006826999997429084
 100 0.0004805000007763738 0.00022639999951934442
 200 0.000975799999650917 0.000641800001176307
 500 0.0015757000001030974 0.0027036999999836553
 1000 0.003584600000976934 0.020253900000170688
 2000 0.008720000001630979 0.12380499999926542
 5000 0.031454400001166505 1.9072775000004185
 10000 0.07743979999941075 14.101965300000302
 20000 0.2195830999989994 113.00383920000058
 2 0.4365133999999671 0.2721361000003526
 5 4.789999911736231e-05 0.0036261000004742527
 10 0.00014310000005934853 5.129999954078812e-05
 15 0.0037425999998959014 1.6600000890321098e-05
 20 0.00014860000010230578 1.3300001228344627e-05
 25 0.00031010000020614825 0.00010730000030889641
 50 0.0003164999998261919 0.0006035000005795155
 100 0.00040999999873747583 0.00015720000010333024
 200 0.0018230000005132752 0.0006391000006260583
 500 0.002354399999603629 0.0024777999988145893
 1000 0.005217500000071595 0.02005060000010417
 2000 0.008638600000267616 0.1405880000002071
 5000 0.034174299998994684 1.9775721000005433
 10000 0.06763930000124674 13.935406699998566
 20000 0.22833280000122613 113.7340680999987
 2 0.4287146999995457 0.2733576999999059
 5 0.0003725000005943002 0.0001142999990406679
 10 3.509999987727497e-05 1.8500000805943273e-05
 15 0.00013380000018514693 1.0100000508828089e-05
 20 7.270000060088933e-05 1.8700000509852543e-05
 25 0.00013279999984661117 0.00012090000018361025
 50 0.0003484999997453997 0.0006743000012647826
 100 0.0004054000000905944 0.0001649999994697282
 200 0.001697900001090602 0.0006057999999029562
 500 0.0015881999988778261 0.002360200000111945
 1000 0.0037945999993098667 0.01915960000042105
 2000 0.009672099999079364 0.13153260000035516
 5000 0.03014460000122199 1.906929199998558
 10000 0.06668780000109109 14.438877000000502
 20000 0.19832260000112 113.63916649999919
 2 0.49917979999918316 0.3023678000008658
 5 4.2100000428035855e-05 9.560000034980476e-05
 10 3.49000001733657e-05 1.3099999705445953e-05
 15 0.00015729999904579017 8.700000762473792e-06
 20 0.00018449999879521783 1.320000046689529e-05
 25 0.00020620000032067765 0.00010889999975915998
 50 0.0003280000000813743 0.0006364999990182696
 100 0.0005159000011190074 0.000161899999511661
 200 0.0008039000003918773 0.0006604999998671701
 500 0.0016679000000294764 0.0027300000001559965
 1000 0.0036877000002277782 0.018059699999867007
 2000 0.009060799999133451 0.12622519999968063
 5000 0.02256889999989653 1.926602499999717
 10000 0.07336859999850276 14.724359800000457
 20000 0.21518409999953292 112.82231180000053
 2 0.40967579999960435 0.1826467999999295
 5 5.379999856813811e-05 2.750000021478627e-05
 10 7.18000010238029e-05 1.320000046689529e-05
 15 0.0001489000005676644 7.099999493220821e-06
 20 0.0003606999998737592 1.5000001440057531e-05
 25 0.0002456999991409248 3.070000093430281e-05
 50 0.0002417999985482311 0.00013220000073488336
 100 0.0004040000003442401 6.940000093891285e-05
 200 0.0008859999998094281 0.00039140000080806203
 500 0.0018184000000474043 0.0025695999993331498
 1000 0.004728100000647828 0.02110799999900337
 2000 0.010828000000401516 0.1299498999997013
 5000 0.027019099999961327 2.0432814999985567
 10000 0.08213390000128129 13.907910199999606
 20000 0.23197269999946002 114.92490100000032