2 0.0005040000005465117 0.0001658000001043547
 5 0.0004310000003897585 0.00013810000018565916
 10 0.00034159999995608814 9.159999990515644e-05
 15 0.0005013999998482177 9.039999986271141e-05
 20 0.00033629999961704016 0.00010480000037205173
 25 0.0006471000006058603 9.089999912248459e-05
 50 0.0005902999992031255 9.210000007442432e-05
 100 0.0007063000002744957 9.210000007442432e-05
 200 0.0012409999999363208 9.369999952468788e-05
 500 0.004881700000623823 0.00011679999988700729
 1000 0.017925000000104774 0.0001218999996126513
 2000 0.06640650000008463 0.00014370000008057104
 5000 0.3938508000001093 0.00019520000023476314
 10000 1.529401699999653 0.000294200000098499
 20000 9.062178099999983 0.0017008000004352652
 25000 13.166318800000226 0.003210400000170921
 30000 25.72916400000031 0.003393799999685143
 2 0.7511623000000327 0.00012909999986732146
 5 0.001141799999459181 9.300000056100544e-05
 10 0.0011065999997299514 0.0003307999995740829
 15 0.0011646999992080964 9.030000001075678e-05
 20 0.0006938000005902722 0.00029379999978118576
 25 0.0020545000006677583 0.0003195999997842591
 50 0.001756300000124611 0.0002899999999499414
 100 0.001844100000198523 0.0007611000000906643
 200 0.0017963000000236207 0.00040829999943525763
 500 0.006156899999950838 0.00010800000018207356
 1000 0.020194900000205962 0.00012560000050143572
 2000 0.07644249999975727 0.00017079999997804407
 5000 0.41250379999928555 0.0001976000003196532
 10000 1.5312433999997666 0.0003187000002071727
 20000 6.007996100000128 0.000557200000002922
 25000 10.798130800000763 0.0016401999992012861
 30000 18.42510409999977 0.0037716000006184913
 2 0.7885463000002346 0.00019950000023527537
 5 0.0020751000001837383 0.00014009999995323597
 10 0.0016347999999197782 0.0002434999996694387
 15 0.0007544999998572166 0.00011950000043725595
 20 0.0006271000002016081 0.00013299999955052044
 25 0.0005299000004015397 0.0001339999998890562
 50 0.0006574999997610576 0.0002887999999074964
 100 0.0011345000002620509 0.0013376000006246613
 200 0.001568099999531114 0.0001343000003544148
 500 0.006656599999587343 0.00014090000058786245
 1000 0.01870950000011362 0.0001421999995727674
 2000 0.06738230000064505 0.000146399999721325
 5000 0.39935289999993984 0.0001948000008269446
 10000 1.5348458000007668 0.00031659999967814656
 20000 6.026159400000324 0.0007138000000850298
 25000 9.93009019999954 0.0013482000003932626
 30000 17.612119499999608 0.000974800000221876
 2 0.7129061000005095 0.00011019999965355964
 5 0.0003911000003427034 8.900000011635711e-05
 10 0.004725099999632221 0.00012599999990925426
 15 0.0007446999998137471 9.399999999004649e-05
 20 0.001015699999697972 0.00012270000024727779
 25 0.0006775000001653098 0.0001173999999082298
 50 0.0008126000002448563 0.0003759000001082313
 100 0.0010000000002037268 0.00014389999978448031
 200 0.0016830999993544538 0.00013280000075610587
 500 0.005314699999871664 0.00011309999990771757
 1000 0.019102700000075856 0.00014540000029228395
 2000 0.06920590000027005 0.00015269999948941404
 5000 0.40618760000052134 0.00020309999945311574
 10000 1.5849330999999438 0.0003338999995321501
 20000 6.199880199999825 0.0006554999999934807
 25000 10.681436699999722 0.0007305999997697654
 30000 17.853739799999857 0.0021345999994082376
 2 0.7470253999999841 0.00011220000033063116
 5 0.0007469000001947279 0.00010440000005473848
 10 0.0006076999998185784 0.00011970000014116522
 15 0.0005127000003994908 9.369999952468788e-05
 20 0.000598599999648286 0.00011810000069090165
 25 0.0006476999997175881 0.00011100000028818613
 50 0.000734799999918323 0.00013860000035492703
 100 0.0011630999997578328 0.0003051000003324589
 200 0.0014264000001276145 0.00012009999954898376
 500 0.005281900000227324 0.00010699999984353781
 1000 0.018338900000344438 0.00012040000001434237
 2000 0.06822879999981524 0.00016289999985019676
 5000 0.40588149999985035 0.00023120000059861923
 10000 1.5357764000000316 0.00031099999978323467
 20000 6.108771799999886 0.0006177999994179117
 25000 10.587562499999876 0.0012096999998902902
 30000 17.887199199999486 0.0197838000003685
 2 0.7291896000006091 0.00011269999959040433
 5 0.0003879000005326816 8.830000024317997e-05
 10 0.0003685000001496519 0.00012130000050092349
 15 0.00040920000083133345 9.049999971466605e-05
 20 0.0008708000004844507 0.00016700000014679972
 25 0.0012980000001334702 0.0001306000003751251
 50 0.0006364999999277643 0.00011999999969702912
 100 0.0008017999998628511 0.0003535999994710437
 200 0.001314500000262342 0.0001218999996126513
 500 0.005075799999758601 0.00016429999959655106
 1000 0.018495100000109232 0.000120499999866297
 2000 0.06824979999964853 0.00014759999976377003
 5000 0.42903190000015456 0.0003062999994654092
 10000 1.534519700000601 0.0003295999995316379
 20000 6.008870599999682 0.0006030000004102476
 25000 10.183278200000132 0.0008152000000336557
 30000 18.775313999999526 0.003684100000100443
 2 0.7445613999998386 0.00011960000028921058
 5 0.0004430999997566687 9.610000051907264e-05
 10 0.0003119999992122757 9.190000037051504e-05
 15 0.00040999999964697054 9.470000077271834e-05
 20 0.00040470000021741726 9.390000013809185e-05
 25 0.0006550999996761675 9.560000034980476e-05
 50 0.0005330000003596069 9.270000009564683e-05
 100 0.0006727999998474843 0.00011900000026798807
 200 0.0015389000000141095 0.00010610000026645139
 500 0.005202899999858346 0.0001232999993590056
 1000 0.01802360000056069 0.00011989999984507449
 2000 0.06666900000072928 0.00015170000006037299
 5000 0.42157010000028095 0.00030019999940122943
 10000 1.546204599999328 0.00033660000008239876
 20000 6.018693099999837 0.0010416000004624948
 25000 9.83637870000075 0.0007483999997930368
 30000 17.199072000000342 0.0009925999993356527
 2 0.7273601999995662 0.0001399000002493267
 5 0.00048580000020592706 8.739999975659885e-05
 10 0.0010421999995742226 0.00030310000056488207
 15 0.0007718999995631748 9.130000034929253e-05
 20 0.0006119000008766307 0.000208599999496073
 25 0.0007055000005493639 0.00012209999931656057
 50 0.0008105999995677848 0.00015609999991283985
 100 0.0008530000004611793 0.0003022999999302556
 200 0.0013594000001830864 0.00013490000037563732
 500 0.005785499999547028 0.00021699999979318818
 1000 0.018680399999539077 0.0001191000001199427
 2000 0.07016699999985576 0.0001494999996793922
 5000 0.4403264999991734 0.0002720000002227607
 10000 1.623052899999493 0.0003341000001455541
 20000 6.349759400000039 0.0006929000001036911
 25000 10.237438099999963 0.0007845000000088476
 30000 18.013981899999635 0.0038386000005630194
 2 0.7467953000004854 0.00013080000007903436
 5 0.0003250999998272164 9.709999994811369e-05
 10 0.0003164999998261919 0.00014110000029177172
 15 0.0007304999999178108 9.860000045591732e-05
 20 0.0006398999994416954 0.0001385000005029724
 25 0.0007031999994069338 9.560000034980476e-05
 50 0.001005500000246684 0.00013549999948736513
 100 0.0007593999998789513 0.00023849999979574932
 200 0.0016117000004669535 0.00010310000016033882
 500 0.004956000000674976 0.0002533999995648628
 1000 0.01800309999998717 0.00011780000022554304
 2000 0.06788559999949939 0.00014850000025035115
 5000 0.43193480000081763 0.00019009999959962443
 10000 1.5176699000003282 0.0003492999994705315
 20000 6.352459300000191 0.0006487000000561238
 25000 10.729621299999963 0.0041621000000304775
 30000 18.126177500000267 0.0038326000003507943
 2 0.8026286999993317 0.00020940000013069948
 5 0.000716900000043097 0.00014399999963643495
 10 0.0009149000006800634 0.00018929999987449264
 15 0.0005999000004521804 0.00011529999937920365
 20 0.00047219999942171853 0.00020640000002458692
 25 0.0006198000000949833 0.00012869999955000822
 50 0.0007585000003018649 0.00030160000005707843
 100 0.0011810000005425536 0.000392699999792967
 200 0.00144929999987653 0.00014120000014372636
 500 0.007058199999846693 0.0005766000003859517
 1000 0.022315600000183622 0.00012799999967683107
 2000 0.06809879999946133 0.0001498000001447508
 5000 0.4333136999994167 0.0002551000006860704
 10000 1.5303171000005023 0.00033209999946848257
 20000 5.996045900000354 0.0005856999996467493
 25000 9.99505550000049 0.004923200000121142
 30000 18.134342999999717 0.0022853000000395696