10 0.0002455999999995129 800
20 0.00013210000000185573 3200
50 0.000141299999995681 20000
100 0.0003776000000073054 80000
200 0.0007009999999922911 320000
500 0.002622799999983272 2000000
1000 0.011628400000006422 8000000
2000 0.08726559999999495 32000000
5000 1.2647757999999953 200000000
10000 8.494648500000011 800000000
10 0.03146110000000135 800
20 0.00015500000000656655 3200
50 0.00019589999999425345 20000
100 0.00043949999999881584 80000
200 0.00048430000001076223 320000
500 0.0021787999999958174 2000000
1000 0.010811400000022786 8000000
2000 0.08726719999998522 32000000
5000 1.1417906000000073 200000000
10000 7.932634199999995 800000000
10 0.03244190000000913 800
20 0.00018769999999790343 3200
50 0.0002518000000009124 20000
100 0.0003375000000005457 80000
200 0.0005378999999834377 320000
500 0.0025536999999928867 2000000
1000 0.01346989999998982 8000000
2000 0.09391619999999534 32000000
5000 1.2253762999999935 200000000
10000 8.553082399999994 800000000
10 0.03048459999999409 800
20 0.00023300000000858745 3200
50 0.00021689999999807696 20000
100 0.00031989999999382235 80000
200 0.0004481999999939035 320000
500 0.002413499999988744 2000000
1000 0.013584199999996827 8000000
2000 0.0982953999999836 32000000
5000 1.2484801999999888 200000000
10000 8.761782199999999 800000000
10 0.030268399999982876 800
20 0.00015989999999987958 3200
50 0.00021749999999087777 20000
100 0.00038250000000061846 80000
200 0.0004549999999881038 320000
500 0.00237409999999727 2000000
1000 0.011266599999999016 8000000
2000 0.09537919999999644 32000000
5000 1.2780846999999937 200000000
10000 8.127325500000012 800000000
10 0.0284665000000075 800
20 0.00015039999999544307 3200
50 0.00017870000002062625 20000
100 0.00041450000000509135 80000
200 0.0005005999999809774 320000
500 0.002609699999993609 2000000
1000 0.013271000000003141 8000000
2000 0.0965532999999823 32000000
5000 1.1723422000000028 200000000
10000 8.303514000000007 800000000
10 0.0287146000000007 800
20 0.0001680999999962296 3200
50 0.00017560000000571563 20000
100 0.00038710000001174194 80000
200 0.0005259000000137348 320000
500 0.002466999999995778 2000000
1000 0.012261399999999867 8000000
2000 0.0949931000000106 32000000
5000 1.2382202999999947 200000000
10000 8.41916790000002 800000000
10 0.029399300000022777 800
20 0.0002219000000138749 3200
50 0.00019710000000827677 20000
100 0.0003438999999900716 80000
200 0.00040809999998714375 320000
500 0.002433400000001029 2000000
1000 0.01099409999997647 8000000
2000 0.08837939999997957 32000000
5000 1.1277328000000182 200000000
10000 8.076858700000003 800000000
10 0.028936299999998027 800
20 0.00015390000001502813 3200
50 0.00020030000001725057 20000
100 0.0003766000000098302 80000
200 0.00045769999999834 320000
500 0.0025151000000107615 2000000
1000 0.013265599999982669 8000000
2000 0.10273289999997814 32000000
5000 1.1828186999999843 200000000
10000 8.387890599999992 800000000
10 0.03246659999999224 800
20 0.00013990000002195302 3200
50 0.00017460000000824039 20000
100 0.00038130000001501685 80000
200 0.0004601999999920281 320000
500 0.0025243000000045868 2000000
1000 0.012176500000009582 8000000
2000 0.09458239999997886 32000000
5000 1.1643605999999806 200000000
10000 8.424189500000011 800000000
