10 0.00039159999999949235 600
20 0.0036789000000005956 2400
50 0.0009864999999997792 15000
100 0.0005315000000001291 60000
200 0.0010306999999993849 240000
500 0.0031148000000005283 1500000
1000 0.016212799999999916 6000000
2000 0.09434219999999982 24000000
5000 1.35285 150000000
10000 8.581957599999999 600000000
10 0.022424999999998363 600
20 0.0001639999999980546 2400
50 0.00023559999999989145 15000
100 0.0003221999999993841 60000
200 0.0006127000000013538 240000
500 0.003092399999999884 1500000
1000 0.015487099999997866 6000000
2000 0.09779969999999949 24000000
5000 1.2279710000000001 150000000
10000 8.506906099999998 600000000
10 0.021728100000000694 600
20 0.0001466000000007739 2400
50 0.00028479999999930783 15000
100 0.0003527000000005387 60000
200 0.0006622999999983392 240000
500 0.0035138999999979603 1500000
1000 0.016327499999999162 6000000
2000 0.1027023999999983 24000000
5000 1.2272137 150000000
10000 8.5035356 600000000
10 0.020960999999999785 600
20 0.0003115999999963037 2400
50 0.0003865000000047303 15000
100 0.0003665999999995506 60000
200 0.0006520999999963806 240000
500 0.0035688999999976545 1500000
1000 0.01667160000000223 6000000
2000 0.10462319999999892 24000000
5000 1.2269986000000017 150000000
10000 8.589723300000003 600000000
10 0.019953899999997304 600
20 0.00016300000000057935 2400
50 0.0003014000000050032 15000
100 0.0004078999999990174 60000
200 0.0006419999999991433 240000
500 0.0034570999999985474 1500000
1000 0.014407600000005516 6000000
2000 0.1037425999999968 24000000
5000 1.170907200000002 150000000
10000 8.509604500000002 600000000
10 0.024062899999997 600
20 0.00019379999999813435 2400
50 0.0002628000000015618 15000
100 0.00039960000000149876 60000
200 0.0006482000000005428 240000
500 0.003452899999999204 1500000
1000 0.01733769999999879 6000000
2000 0.10288290000000444 24000000
5000 1.225202600000003 150000000
10000 8.421637900000007 600000000
10 0.01899609999999541 600
20 0.00016499999999552983 2400
50 0.00030089999999916017 15000
100 0.0003489000000058695 60000
200 0.0006186000000099057 240000
500 0.0033284000000008973 1500000
1000 0.016341300000007664 6000000
2000 0.10323139999999853 24000000
5000 1.1267701000000017 150000000
10000 8.285680499999998 600000000
10 0.01892749999998955 600
20 0.00014050000000054297 2400
50 0.00025329999999712527 15000
100 0.00030129999998962376 60000
200 0.0006203000000084558 240000
500 0.003399700000002781 1500000
1000 0.01641750000000286 6000000
2000 0.10657480000000419 24000000
5000 1.218442699999997 150000000
10000 8.252388400000001 600000000
10 0.01919080000000406 600
20 0.00015360000000441687 2400
50 0.00030129999998962376 15000
100 0.0003626000000025442 60000
200 0.0006338000000027932 240000
500 0.003293499999998062 1500000
1000 0.017281600000004005 6000000
2000 0.10520830000000103 24000000
5000 1.221223699999996 150000000
10000 8.254968599999998 600000000
10 0.020267000000004032 600
20 0.0001461000000091417 2400
50 0.0003391000000050326 15000
100 0.0003700999999978194 60000
200 0.000672199999996792 240000
500 0.0033044999999987112 1500000
1000 0.016409999999993374 6000000
2000 0.09938510000000633 24000000
5000 1.182108900000003 150000000
10000 8.122173799999999 600000000
