10 0.000371299999983421 1600
20 0.0001286000000391141 6400
50 0.0003322999999681997 40000
100 0.00037560000004077665 160000
200 0.0008060000000114087 640000
500 0.0041997000000151274 4000000
1000 0.02522580000004382 16000000
2000 0.1736083999999778 64000000
5000 2.6525230999999962 400000000
10000 16.969742600000018 1600000000
10 0.05969049999998788 1600
20 0.00014429999998810672 6400
50 0.00021060000000261425 40000
100 0.00029419999998481217 160000
200 0.0007181000000286986 640000
500 0.0034673000000111642 4000000
1000 0.025737600000013572 16000000
2000 0.19477570000003652 64000000
5000 2.4305110999999897 400000000
10000 17.588718299999982 1600000000
10 0.06372220000002926 1600
20 0.00015019999995047328 6400
50 0.00020119999999224092 40000
100 0.000306800000032581 160000
200 0.0006703000000243264 640000
500 0.0043107000000190965 4000000
1000 0.02799950000002127 16000000
2000 0.1925252999999998 64000000
5000 2.3215480999999727 400000000
10000 17.7792829 1600000000
10 0.05671019999999771 1600
20 0.0001487999999767453 6400
50 0.000278600000001461 40000
100 0.0003448999999591251 160000
200 0.0007269000000178494 640000
500 0.004204200000003766 4000000
1000 0.02568449999995437 16000000
2000 0.20293249999997443 64000000
5000 2.4756062000000156 400000000
10000 17.748690599999975 1600000000
10 0.05998119999998153 1600
20 0.00015190000004849935 6400
50 0.00024449999995113103 40000
100 0.00034149999999044667 160000
200 0.0006683999999950174 640000
500 0.004261499999984153 4000000
1000 0.026673499999958494 16000000
2000 0.1907310999999936 64000000
5000 2.466184999999996 400000000
10000 17.802987700000017 1600000000
10 0.05789050000004181 1600
20 0.0001571999999896434 6400
50 0.00023049999998647763 40000
100 0.00038119999999253196 160000
200 0.0007862999999588283 640000
500 0.004076399999974001 4000000
1000 0.026334499999961736 16000000
2000 0.19727389999997058 64000000
5000 2.4063447999999994 400000000
10000 18.076340200000004 1600000000
10 0.06263200000000779 1600
20 0.00013949999998885687 6400
50 0.00024710000002414745 40000
100 0.0002914000000373562 160000
200 0.0007135999999832165 640000
500 0.003522900000007212 4000000
1000 0.027300600000046416 16000000
2000 0.1903440000000387 64000000
5000 2.415927799999963 400000000
10000 17.987122 1600000000
10 0.05832280000004175 1600
20 9.660000000621949e-05 6400
50 0.0002039000000308988 40000
100 0.00029229999995550315 160000
200 0.0007029999999872416 640000
500 0.004007599999965805 4000000
1000 0.027431500000034248 16000000
2000 0.18906399999997348 64000000
5000 2.4470676000000253 400000000
10000 17.634066700000005 1600000000
10 0.06215259999999034 1600
20 0.0001426000000037675 6400
50 0.0002276000000165368 40000
100 0.0003161999999861109 160000
200 0.0006790999999566338 640000
500 0.003625299999953313 4000000
1000 0.02322359999999435 16000000
2000 0.19025109999995493 64000000
5000 2.2758609999999635 400000000
10000 17.359179499999982 1600000000
10 0.05802169999998341 1600
20 0.00012159999999994398 6400
50 0.0002901999999949112 40000
100 0.0003418999999666994 160000
200 0.0006779999999935171 640000
500 0.003902600000003531 4000000
1000 0.02312750000004371 16000000
2000 0.17860289999998713 64000000
5000 2.4367180000000417 400000000
10000 17.42161709999999 1600000000
