10 0.0002791999999658401 1600
20 7.579999999052234e-05 6400
50 0.00028079999998453786 40000
100 0.0002597000000150729 160000
200 0.0006847999999877175 640000
500 0.003960000000006403 4000000
1000 0.026752399999963927 16000000
2000 0.1747622999999976 64000000
5000 2.6002699000000007 400000000
10000 16.914639499999964 1600000000
10 0.05592239999998583 1600
20 0.00015300000001161607 6400
50 0.0002711000000203967 40000
100 0.00030829999997195046 160000
200 0.0006950000000074397 640000
500 0.003959699999995792 4000000
1000 0.026452299999959905 16000000
2000 0.1811748999999736 64000000
5000 2.191471300000046 400000000
10000 17.198926400000005 1600000000
10 0.05788119999999708 1600
20 0.00014320000002499 6400
50 0.00022670000009838986 40000
100 0.00040159999991828954 160000
200 0.0006680000000187647 640000
500 0.004081499999983862 4000000
1000 0.02670219999993151 16000000
2000 0.1792257999999265 64000000
5000 2.3872526000000107 400000000
10000 17.27580599999999 1600000000
10 0.05626059999997324 1600
20 9.860000000116997e-05 6400
50 0.0002734999999347565 40000
100 0.0003178000000616521 160000
200 0.0007454000000279848 640000
500 0.0043598000000883985 4000000
1000 0.02758490000007896 16000000
2000 0.19053860000008171 64000000
5000 2.502727699999923 400000000
10000 17.32471469999996 1600000000
10 0.05914770000003955 1600
20 0.00015559999997094565 6400
50 0.00021320000007563067 40000
100 0.00038489999997182167 160000
200 0.000747799999999188 640000
500 0.00408180000010816 4000000
1000 0.02657160000001113 16000000
2000 0.19590049999999337 64000000
5000 2.3992273999999725 400000000
10000 17.49571400000002 1600000000
10 0.06376890000001367 1600
20 0.00012679999997544655 6400
50 0.0003065999999307678 40000
100 0.0003265999999939595 160000
200 0.0008153999999649386 640000
500 0.00409100000001672 4000000
1000 0.028387400000042362 16000000
2000 0.1893813000000364 64000000
5000 2.3752415000000155 400000000
10000 16.88561500000003 1600000000
10 0.05734789999996792 1600
20 0.00014559999999619322 6400
50 0.000331700000060664 40000
100 0.0003096000000368804 160000
200 0.0007774000000608794 640000
500 0.00447729999996227 4000000
1000 0.026318699999933415 16000000
2000 0.19961239999997815 64000000
5000 2.636757800000055 400000000
10000 17.236365800000044 1600000000
10 0.052223199999957615 1600
20 0.00011360000007698545 6400
50 0.00017709999997350678 40000
100 0.0002997999999934109 160000
200 0.0007166999999981272 640000
500 0.004040200000076766 4000000
1000 0.026626899999996567 16000000
2000 0.1909019999999373 64000000
5000 2.3513725999999906 400000000
10000 17.690752799999927 1600000000
10 0.06070519999991575 1600
20 0.0001467999999249514 6400
50 0.0002312999999958265 40000
100 0.00036340000008294737 160000
200 0.0006611999999677209 640000
500 0.004002399999990303 4000000
1000 0.026268599999980324 16000000
2000 0.19979690000002392 64000000
5000 2.427644799999939 400000000
10000 17.529187999999976 1600000000
10 0.05535730000008243 1600
20 0.0001471000000492495 6400
50 0.00024140000004990725 40000
100 0.00031479999995553953 160000
200 0.0007181999999374966 640000
500 0.004082799999991948 4000000
1000 0.025087900000016816 16000000
2000 0.1882260000000997 64000000
5000 2.3277413000000706 400000000
10000 17.141852599999993 1600000000
