2 3.840000000021604e-05 0.004000599999999466
 5 3.0999999999892225e-05 5.77000000001604e-05
 10 2.1800000000737896e-05 2.849999999998687e-05
 15 2.260000000031681e-05 2.7600000000127523e-05
 20 2.6599999999987745e-05 0.01175499999999996
 25 5.050000000039745e-05 0.000448299999999513
 50 7.210000000057448e-05 0.0032866999999994206
 100 0.0004743999999998749 0.001227799999999668
 200 0.00038610000000005584 0.0017769000000003032
 500 0.0009876000000001994 0.0038656000000001356
 1000 0.0025719999999997967 0.03505809999999965
 2000 0.0053898999999999475 0.17752170000000067
 5000 0.015127800000000136 2.6918050000000004
 10000 0.03465330000000044 18.7985285
 15000 0.09527729999999934 64.00060819999999
 2 0.14984149999999374 0.14156210000000158
 5 3.350000000068576e-05 0.00010399999999322063
 10 2.0500000005085894e-05 6.919999999865922e-05
 15 6.209999999384763e-05 6.270000000085929e-05
 20 6.46000000017466e-05 7.369999998729782e-05
 25 6.930000000693326e-05 7.06000000008089e-05
 50 9.180000000696964e-05 0.00018950000000472755
 100 0.00022239999999840165 0.0004065999999909309
 200 0.00036919999999440734 0.0007015000000052396
 500 0.0011039999999979955 0.004326599999998848
 1000 0.0025140999999990754 0.028991300000001274
 2000 0.005729900000005728 0.19874330000000384
 5000 0.015268800000001193 2.7960013000000004
 10000 0.03742490000000487 19.50997749999999
 15000 0.08590399999999931 59.68642249999999
 2 0.11767589999999473 0.11619269999999915
 5 4.330000001573353e-05 8.259999998472267e-05
 10 3.12999999891872e-05 4.6600000018770515e-05
 15 5.4899999980762004e-05 4.340000000979671e-05
 20 5.9000000021569576e-05 0.0005591000000038093
 25 8.599999998182284e-05 0.00010640000002126726
 50 0.00039920000000392974 0.00016789999997968152
 100 0.00021509999999125284 0.00029749999998784915
 200 0.00038580000000365544 0.0005915000000129567
 500 0.0009259999999926549 0.004066899999997986
 1000 0.0024634000000105516 0.02479479999999512
 2000 0.005142699999993283 0.18862740000000144
 5000 0.01523199999999747 2.7966030000000046
 10000 0.04441169999998351 16.8191492
 15000 0.08422559999999635 57.44167619999999
 2 0.12296570000000884 0.11610189999998966
 5 3.089999998451276e-05 0.00017170000000987784
 10 2.0499999976664185e-05 0.00011420000001294284
 15 7.049999999253487e-05 6.340000001614499e-05
 20 2.870000000143591e-05 8.619999999837091e-05
 25 7.279999999809661e-05 0.00010059999999612046
 50 5.69000000041342e-05 0.00020250000000032742
 100 0.00022400000000288856 0.00027380000000221116
 200 0.0003992999999979929 0.0006845999999995911
 500 0.0010078999999905136 0.003964300000006915
 1000 0.002862500000020418 0.025652899999982992
 2000 0.0054008999999837215 0.19337270000002604
 5000 0.016138500000010936 2.6170726
 10000 0.033587199999999484 16.585039400000028
 15000 0.08049449999998615 56.21152850000004
 2 0.1195137999999929 0.11418720000000349
 5 6.219999994527825e-05 9.450000004562753e-05
 10 3.12999999891872e-05 4.4800000011946395e-05
 15 5.4499999976087565e-05 3.750000001900844e-05
 20 2.4900000028083014e-05 0.00013269999999465654
 25 7.20999999543892e-05 7.820000001856897e-05
 50 6.669999999076026e-05 0.00022200000000793807
 100 0.00020789999996395636 0.00044660000003204914
 200 0.0003753000000301654 0.000734700000009525
 500 0.0009812000000124499 0.003918400000031852
 1000 0.0025893999999766493 0.024840700000027027
 2000 0.005254700000023149 0.17904249999998
 5000 0.01513220000003912 2.576230399999986
 10000 0.037567500000022847 17.4521388
 15000 0.08479699999998047 56.51099210000001
 2 0.12635520000003453 0.11489130000001069
 5 3.040000001419685e-05 5.9399999997822306e-05
 10 1.7799999966428004e-05 2.740000002177112e-05
 15 2.159999996820261e-05 2.4400000029345392e-05
 20 2.5399999969977216e-05 4.5199999988199124e-05
 25 3.039999995735343e-05 0.00014550000003055175
 50 5.330000004732938e-05 0.00022089999998797794
 100 0.00019350000002305023 0.00044009999999161664
 200 0.00037479999997458435 0.0007256000000097629
 500 0.0009446000000252752 0.0035067000000026383
 1000 0.0023259999999822867 0.024737599999980375
 2000 0.004924599999981183 0.18581360000001723
 5000 0.014870799999982864 2.5641858000000184
 10000 0.0334555000000023 17.731738199999995
 15000 0.08270410000000084 57.3113884
 2 0.0204918999999677 0.10875909999998612
 5 3.409999999348656e-05 0.0001771000000303502
 10 2.0500000005085894e-05 0.00020310000002154993
 15 2.8799999995499093e-05 0.0001700000000255386
 20 3.350000002910747e-05 0.00016789999995125982
 25 0.00011110000002645393 0.00010249999996858605
 50 6.050000001778244e-05 0.0002653999999893131
 100 0.00022699999999531428 0.000528299999984938
 200 0.00041260000000420405 0.0008284999999546017
 500 0.001045400000009522 0.004008699999985765
 1000 0.002472599999975955 0.027905599999996866
 2000 0.005357900000035443 0.18766449999998258
 5000 0.01544840000002523 2.509270000000015
 10000 0.0359937000000059 16.727570600000035
 15000 0.08817880000003697 56.07748550000002
 2 0.11560990000009497 0.11584099999993214
 5 4.2600000028869545e-05 7.979999998042331e-05
 10 1.7699999943943112e-05 5.840000005719048e-05
 15 4.089999993084348e-05 5.5900000006658956e-05
 20 5.750000002535671e-05 0.00046589999999469
 25 7.010000001628214e-05 0.00023049999992963421
 50 0.00010429999997541017 0.000461399999949208
 100 0.0002036999999290856 0.00029549999999289867
 200 0.0003928999999516236 0.0006256000000348649
 500 0.000981600000045546 0.003995299999928648
 1000 0.0022877999999764143 0.022727900000063528
 2000 0.005046299999889925 0.1859491000000162
 5000 0.015205599999944752 2.465569100000039
 10000 0.03411119999998391 16.834498800000006
 15000 0.09226569999998446 58.10837660000004
 2 0.13031999999998334 0.1275830000000724
 5 5.079999993995443e-05 9.840000006988703e-05
 10 1.8599999975776882e-05 6.040000005214097e-05
 15 4.189999992831872e-05 5.69000000041342e-05
 20 5.870000006780174e-05 7.949999996981205e-05
 25 0.00010629999997036066 0.00011289999997643463
 50 9.550000004310277e-05 0.0002082999999402091
 100 0.00018460000001141452 0.0003943000000390384
 200 0.0003802999999606982 0.0007358000000294851
 500 0.0009760000000369473 0.003937199999995755
 1000 0.0023650000000543514 0.027191199999947457
 2000 0.004956699999979719 0.19226790000004712
 5000 0.014926199999990786 2.539065199999982
 10000 0.0330480999999736 17.08627309999997
 15000 0.0846747000000505 54.929304799999954
 2 0.11606339999991633 0.11356100000000424
 5 6.299999995462713e-05 9.400000010373333e-05
 10 1.7500000012660166e-05 5.920000000969594e-05
 15 4.0399999988949276e-05 5.599999997230043e-05
 20 5.740000005971524e-05 0.00013469999998960702
 25 3.069999991112127e-05 8.050000008097413e-05
 50 6.60000000607397e-05 0.00021449999997003033
 100 0.0001874000000725573 0.00043049999999311694
 200 0.00037919999999758147 0.0007704999999305073
 500 0.0009853000000248358 0.003416499999957523
 1000 0.002220699999952558 0.02454550000004474
 2000 0.005213900000057947 0.18687039999997523
 5000 0.015578000000004977 2.5039705000000367
 10000 0.03243259999999282 17.65554670000006
 15000 0.08155709999994087 56.15936429999999