2 3.140000012535893e-05 0.005286699999942357
 5 2.0599999970727367e-05 0.00024280000002363522
 10 1.9800000018221908e-05 0.0005621999998766114
 15 2.6299999944967567e-05 0.0003910999998879561
 20 3.1499999977313564e-05 0.0003483000000414904
 25 3.609999998843705e-05 0.0005109999999604042
 50 5.970000006527698e-05 0.00033529999996062543
 100 0.00021020000008320494 0.0004466999998840038
 200 0.0002910000000611035 0.0005347999999685271
 500 0.0007267000000865664 0.0019257999999808817
 1000 0.0018534000000727247 0.007328800000095725
 2000 0.0038263999999799125 0.029343800000106057
 5000 0.010557500000004438 0.18391260000021248
 10000 0.029398299999911615 0.7326156999999967
 20000 0.08798690000003262 2.9429212000000007
 30000 0.4254834999999275 11.26245740000013
 35000 0.5898633999997855 12.246411500000022
 2 0.7366546999999173 0.0016682000000400876
 5 0.00016440000013062672 0.0018308999999590014
 10 0.00032129999999597203 0.0013599999999769352
 15 7.259999983943999e-05 0.001868999999942389
 20 0.00018099999988407944 0.0007249000000228989
 25 3.680000008898787e-05 0.0008751999998821702
 50 0.00016750000008869392 0.0010216999999101972
 100 0.00016389999996135884 0.0006448000001455512
 200 0.000257799999872077 0.0008600000001024455
 500 0.0008968999998160143 0.002589300000181538
 1000 0.0018402999999125313 0.0077092999999877065
 2000 0.004989199999954508 0.04034499999988839
 5000 0.014057699999966644 0.20656110000004446
 10000 0.03632599999991726 0.7829037000001335
 20000 0.09754029999999148 2.8324706999999307
 30000 0.3891652999998314 6.505292400000144
 35000 0.7916296999999304 15.93449529999998
 2 0.756667600000128 0.002504699999917648
 5 7.389999996121333e-05 0.0012547999999696913
 10 8.019999995667604e-05 0.001019100000121398
 15 0.00027090000003227033 0.0009993999999551306
 20 0.0002520000000458822 0.0004526000000169006
 25 7.849999997233681e-05 0.0007873000001836772
 50 0.00010369999995418766 0.0005476999999700638
 100 0.00014810000016041158 0.0005024999998113344
 200 0.000396600000158287 0.0008629999999811844
 500 0.0006846999999652326 0.002064100000097824
 1000 0.001748700000007375 0.007744400000092355
 2000 0.004228799999964394 0.030890100000078746
 5000 0.011505200000101468 0.20273309999993216
 10000 0.03338589999998476 0.7433108000000175
 20000 0.09782020000011471 2.8081296999998813
 30000 0.2993876000000455 6.612549999999828
 35000 0.5992802999999185 15.725284300000112
 2 0.7724951000000146 0.0024263000000246393
 5 6.540000003951718e-05 0.0009445999999115884
 10 6.559999997080013e-05 0.0006980999999086634
 15 7.779999987178599e-05 0.0008086000000275817
 20 6.680000001324515e-05 0.0003981000002113433
 25 7.140000002436864e-05 0.000778899999886562
 50 0.00011909999989256903 0.0006891000000450731
 100 0.0001536999998279498 0.0005936000000019703
 200 0.00041140000007544586 0.0006189999999151041
 500 0.0007755000001452572 0.002260900000010224
 1000 0.0018053999999665393 0.007746300000007977
 2000 0.004797800000005736 0.03364019999980883
 5000 0.011305400000082955 0.19171600000004219
 10000 0.0354511000000457 0.7473754999998619
 20000 0.08918010000002141 2.820410999999922
 30000 0.24900580000007722 6.582371700000067
 35000 0.7132874000001266 18.739989599999944
 2 0.721874200000002 0.002340600000025006
 5 8.969999998953426e-05 0.0009777000000212865
 10 6.989999997131235e-05 0.0006218000000899337
 15 0.00026120000006812916 0.0004776000000674685
 20 0.00016219999997701962 0.000334300000076837
 25 3.8300000142044155e-05 0.0005419999999958236
 50 0.00010919999999714491 0.0005866999999852851
 100 0.00015460000008715724 0.0005685999999514024
 200 0.0002974000001358945 0.0006123999999090302
 500 0.0007883000000674656 0.0023828999999295775
 1000 0.0017519000000447704 0.009456000000000131
 2000 0.004897900000059963 0.030015699999921708
 5000 0.011535699999967619 0.19493790000001354
 10000 0.034381400000029316 0.7968559000000823
 20000 0.09439239999983329 2.8804462000000512
 30000 0.38005649999990965 6.475679600000149
 35000 0.726445700000113 20.414969400000018
 2 0.611822200000006 0.0011283999999704974
 5 5.25000000379805e-05 0.0008808000000044558
 10 6.789999997636187e-05 0.0006425000001399894
 15 0.00031039999998938583 0.000377200000002631
 20 0.00025920000007317867 0.0002996999999140826
 25 3.7400000110210385e-05 0.0005487000000812259
 50 7.17000000349799e-05 0.0006522999999560852
 100 0.0001558999999815569 0.0006373000001076434
 200 0.0004916000000321219 0.0006304999999429128
 500 0.0006925000000137516 0.0021458999999595108
 1000 0.0018071999998028332 0.00802390000012565
 2000 0.004414300000007643 0.03222919999984697
 5000 0.01198090000002594 0.19491569999991043
 10000 0.03397390000009182 0.7600184999998874
 20000 0.0918959000000541 2.848160900000039
 30000 0.30389100000002145 6.432533100000001
 35000 0.6337607000000389 16.82521040000006
 2 0.6617674999999963 0.0032704000000194355
 5 5.0999999984924216e-05 0.000491400000100839
 10 6.289999987529882e-05 0.0006278000000747852
 15 9.580000005371403e-05 0.0006198999999469379
 20 0.00017139999999926658 0.0004091000000698841
 25 3.7400000110210385e-05 0.00045379999983197195
 50 5.9299999975337414e-05 0.00043890000006285845
 100 0.0001502000000073167 0.0003761999998914689
 200 0.00025379999988217605 0.0005815000001803128
 500 0.000751799999989089 0.0027485999999043997
 1000 0.001856300000099509 0.007716699999946286
 2000 0.005599299999857976 0.03023780000012266
 5000 0.011551000000054046 0.2068752999998651
 10000 0.034318799999937255 0.7350538000000597
 20000 0.09029690000011215 2.7929336999998213
 30000 0.24627899999995861 6.540954600000077
 35000 0.6453595000000405 18.04635949999988
 2 0.6308234999999058 0.0007759000000078231
 5 4.149999995206599e-05 0.0014195999999628839
 10 6.310000003395544e-05 0.00041029999988495547
 15 0.00011190000009264622 0.0003997000001163542
 20 0.00014319999991130317 0.0003180999999585765
 25 3.500000002532033e-05 0.0005241999999725522
 50 8.120000006783812e-05 0.0008172999998805608
 100 0.00037169999995967373 0.00044620000016948325
 200 0.00041280000004917383 0.0006860000000870059
 500 0.0009807999999793537 0.003170800000134477
 1000 0.002163699999982782 0.01240630000006604
 2000 0.00549219999993511 0.03407160000006115
 5000 0.012075300000105926 0.19145819999994274
 10000 0.033989599999813436 0.7511743000000024
 20000 0.09056689999988521 2.831120300000066
 30000 0.24980540000001383 6.561284099999966
 35000 0.7264442999999119 20.14649220000001
 2 0.625303299999814 0.00225340000019969
 5 0.0001133000000663742 0.0006399999999757711
 10 8.84000000951346e-05 0.0007493000000522443
 15 0.00022519999993164674 0.0003847000000405387
 20 0.00018309999995835824 0.00027740000018638966
 25 3.609999998843705e-05 0.0006614999999783322
 50 6.259999986468756e-05 0.00052230000005693
 100 0.0002727999999478925 0.00036610000006476184
 200 0.00030379999998331186 0.0006048999998711224
 500 0.0008818999999675725 0.0022697000001699053
 1000 0.0019383999999718071 0.0075266999999712425
 2000 0.005213800000092306 0.03027380000003177
 5000 0.011441400000194335 0.18952589999980773
 10000 0.03360259999999471 0.7495342999998229
 20000 0.09010060000014164 2.800500399999919
 30000 0.25136330000009366 8.120317899999918
 35000 0.7577543000002152 22.1360259999999
 2 0.7170198999999684 0.0037286000001586217
 5 5.129999999553547e-05 0.0006410000000869331
 10 7.430000005115289e-05 0.0006045000000085565
 15 0.00010399999996479892 0.0005166000000826898
 20 0.00022059999992052326 0.00040919999992183875
 25 3.8200000062715844e-05 0.0004963000001225737
 50 7.559999994555255e-05 0.0004951000000801287
 100 0.0001829000000270753 0.00044709999997394334
 200 0.0002961000000141212 0.0006292000000485132
 500 0.0008894000000054803 0.002572699999973338
 1000 0.0019227999998747691 0.009974900000088383
 2000 0.005077300000039031 0.038436699999920165
 5000 0.013012299999900279 0.2401039999999739
 10000 0.048172100000101636 0.8679230000000189
 20000 0.10315939999986767 2.98969870000019
 30000 0.35245919999988473 6.950122899999997
 35000 1.0172966999998607 19.009751999999935