2 0.0052897999999999 64
5 0.0001451999999986242 400
10 0.0003126000000008844 1600
15 7.659999999987122e-05 3600
20 0.00030479999999499796 6400
25 0.00024129999999900065 10000
50 0.0012241000000017266 40000
100 0.0008559999999988577 160000
200 0.0018749999999982947 640000
500 0.0100908000000004 4000000
1000 0.08069919999999797 16000000
2000 0.8037765999999991 64000000
5000 14.6606339 400000000
10000 111.35572060000001 1600000000
2 0.09845110000000545 64
5 0.00011750000001597982 400
10 0.00011280000001079316 1600
15 0.00011229999998363382 3600
20 0.0004447999999968033 6400
25 0.00014279999999189386 10000
50 0.00037490000002549095 40000
100 0.0005261999999959244 160000
200 0.0013252000000250064 640000
500 0.009710699999999406 4000000
1000 0.07789809999999875 16000000
2000 0.8572932000000151 64000000
5000 14.489684899999986 400000000
10000 112.8295201 1600000000
2 0.10391789999999901 64
5 0.00018439999996644474 400
10 0.0001264999999648353 1600
15 0.00012619999995422404 3600
20 0.00042100000001710214 6400
25 0.00010410000004412723 10000
50 0.0003146000000242566 40000
100 0.0005118000000265965 160000
200 0.0013477999999622625 640000
500 0.009397300000046016 4000000
1000 0.07940620000005083 16000000
2000 0.8759041999999795 64000000
5000 14.845174400000019 400000000
10000 111.57403260000001 1600000000
2 0.09892029999997476 64
5 0.0003336999999987711 400
10 0.0002167000000099506 1600
15 0.00021959999997989144 3600
20 0.00011829999999690699 6400
25 0.00013969999997698324 10000
50 0.0003254000000083579 40000
100 0.00048229999998739004 160000
200 0.0013323000000013963 640000
500 0.010083399999984977 4000000
1000 0.07935209999999415 16000000
2000 0.9083411999999953 64000000
5000 14.36797230000002 400000000
10000 111.66152149999994 1600000000
2 0.09909479999998894 64
5 0.00017430000002605084 400
10 0.00012500000002546585 1600
15 0.00013030000002345332 3600
20 0.00017940000009275536 6400
25 0.0001222000000780099 10000
50 0.00043419999997240666 40000
100 0.0006182999999282401 160000
200 0.0013335999999526393 640000
500 0.008620400000040718 4000000
1000 0.06822269999997843 16000000
2000 0.8765932999999677 64000000
5000 14.290045999999961 400000000
10000 111.05075829999998 1600000000
2 0.10102640000002339 64
5 0.00017209999998613057 400
10 0.0001316999999971813 1600
15 0.0001269999999067295 3600
20 0.000327900000002046 6400
25 0.00011970000002747838 10000
50 0.0004390000000284999 40000
100 0.0005107999999154345 160000
200 0.0013885000000755099 640000
500 0.009518200000002253 4000000
1000 0.07790420000003451 16000000
2000 0.819843100000071 64000000
5000 14.272067800000059 400000000
10000 112.24885189999998 1600000000
2 0.08422489999998106 64
5 0.00018049999994218524 400
10 0.00012749999996231054 1600
15 0.00011830000005375041 3600
20 0.00019109999993816018 6400
25 0.00012430000003860187 10000
50 0.0004318999999668449 40000
100 0.0006607999999914682 160000
200 0.0013962000000447006 640000
500 0.00954449999994722 4000000
1000 0.08057989999997517 16000000
2000 0.8614471999999296 64000000
5000 14.272665599999982 400000000
10000 113.93945470000006 1600000000
2 0.10096260000000257 64
5 0.00012479999998049607 400
10 5.99999999622014e-05 1600
15 0.00018200000010892836 3600
20 9.860000000116997e-05 6400
25 9.080000006633782e-05 10000
50 0.00027959999999893625 40000
100 0.0005018000000518441 160000
200 0.0013341000000082204 640000
500 0.00917370000001938 4000000
1000 0.07423860000005789 16000000
2000 0.8060359999999491 64000000
5000 14.94529220000004 400000000
10000 112.8539647 1600000000
2 0.12567869999998038 64
5 0.0002531000000089989 400
10 0.00015680000001339067 1600
15 0.0001528000000234897 3600
20 9.960000011233205e-05 6400
25 0.00010900000006586197 10000
50 0.00029910000012023374 40000
100 0.000546999999869513 160000
200 0.0013817999999901076 640000
500 0.009384800000134419 4000000
1000 0.08755730000007134 16000000
2000 1.148095400000102 64000000
5000 15.222877700000026 400000000
10000 114.14790670000002 1600000000
2 0.11090509999985443 64
5 0.00033189999999194697 400
10 0.0001948999999967782 1600
15 7.720000007793715e-05 3600
20 9.4600000011269e-05 6400
25 0.00010300000008101051 10000
50 0.00031709999984741444 40000
100 0.0005155999999715277 160000
200 0.0013653999999405642 640000
500 0.010539299999891227 4000000
1000 0.08064269999999851 16000000
2000 0.8562380000000758 64000000
5000 14.846526600000061 400000000
10000 110.40952909999987 1600000000
