2 0.0019376999998712563 64
5 8.299999990413198e-05 400
10 0.00015200000007098424 1600
15 0.00010679999968488119 3600
20 8.260000004156609e-05 6400
25 0.00014480000027106144 10000
50 0.0004546000000118511 40000
100 0.0006718999998156505 160000
200 0.001403900000241265 640000
500 0.00959869999996954 4000000
1000 0.07409830000005968 16000000
2000 0.8008128999999826 64000000
5000 15.820329199999833 400000000
10000 90.63847369999985 1600000000
2 0.1127531000001909 64
5 0.00018719999980021385 400
10 0.00013359999957174296 1600
15 0.00012409999999363208 3600
20 0.00021460000016304548 6400
25 0.00012070000002495362 10000
50 0.00039740000011079246 40000
100 0.0005670999998983461 160000
200 0.0014532000000144762 640000
500 0.00936840000031225 4000000
1000 0.08117880000008881 16000000
2000 0.8778072000000066 64000000
5000 14.965441400000145 400000000
10000 91.7103275999998 1600000000
2 0.11488390000022264 64
5 0.0002762999997685256 400
10 0.00011929999982385198 1600
15 0.00012930000002597808 3600
20 0.00021369999967646436 6400
25 0.0001609999999345746 10000
50 0.00046750000001338776 40000
100 0.0005244999997557898 160000
200 0.001324800000020332 640000
500 0.009317000000010012 4000000
1000 0.06728209999982937 16000000
2000 0.8896999999997206 64000000
5000 14.352303299999676 400000000
10000 92.10139949999984 1600000000
2 0.11629739999989397 64
5 0.0001963999998224608 400
10 0.0001502000000073167 1600
15 0.00011919999997189734 3600
20 0.0001405999996677565 6400
25 0.00011730000005627517 10000
50 0.00041119999968941556 40000
100 0.0006136000001788489 160000
200 0.0012549999996736005 640000
500 0.009294099999806349 4000000
1000 0.07414199999993798 16000000
2000 0.8536497000000054 64000000
5000 14.277230700000018 400000000
10000 91.50848069999984 1600000000
2 0.07619500000009793 64
5 0.00017550000029586954 400
10 0.00010849999989659409 1600
15 0.00010829999973793747 3600
20 0.00012720000040644663 6400
25 0.00017969999998967978 10000
50 0.00030169999990903307 40000
100 0.0006210000001374283 160000
200 0.0015833000002203335 640000
500 0.008004799999980605 4000000
1000 0.07389130000001387 16000000
2000 0.8129874000001109 64000000
5000 14.461758700000246 400000000
10000 90.08964530000048 1600000000
2 0.11867729999994481 64
5 0.0001764999997249106 400
10 0.00012479999986680923 1600
15 0.00012380000043776818 3600
20 0.00010800000018207356 6400
25 0.0006875999997646431 10000
50 0.00025689999984024325 40000
100 0.0004769000006490387 160000
200 0.001112999999349995 640000
500 0.009321599999566388 4000000
1000 0.07363450000048033 16000000
2000 0.878711000000294 64000000
5000 14.710055900000043 400000000
10000 90.11839529999997 1600000000
2 0.11738009999953647 64
5 0.00015590000020893058 400
10 0.00023779999992257217 1600
15 0.00015619999976479448 3600
20 0.00012939999942318536 6400
25 0.0001129000002038083 10000
50 0.00040379999973083613 40000
100 0.0005676999999195687 160000
200 0.0012071000001014909 640000
500 0.009807300000829855 4000000
1000 0.07534419999956299 16000000
2000 0.865769399999408 64000000
5000 14.2813814000001 400000000
10000 92.6829144000003 1600000000
2 0.12068060000001424 64
5 0.0001799000001483364 400
10 0.00012599999990925426 1600
15 0.000161899999511661 3600
20 0.00011500000073283445 6400
25 0.00011249999988649506 10000
50 0.00036099999942962313 40000
100 0.0006598999998459476 160000
200 0.0011000000004059984 640000
500 0.009458200000153738 4000000
1000 0.07760779999989609 16000000
2000 0.8907821000002514 64000000
5000 14.439671199999793 400000000
10000 93.73406330000034 1600000000
2 0.11920649999956368 64
5 0.00019040000006498303 400
10 0.00012320000041654566 1600
15 8.989999969344353e-05 3600
20 0.00013579999995272374 6400
25 0.00011189999986527255 10000
50 0.00046130000009725336 40000
100 0.0007155000002967427 160000
200 0.0012461000005714595 640000
500 0.009437900000193622 4000000
1000 0.07497700000021723 16000000
2000 0.9308725999999297 64000000
5000 15.049975599999925 400000000
10000 88.97678460000043 1600000000
2 0.11631920000036189 64
5 0.00018009999985224567 400
10 0.00010999999994965037 1600
15 0.0001264000002265675 3600
20 0.00013409999974101083 6400
25 0.00011540000014065299 10000
50 0.0004166999997323728 40000
100 0.0005913000004511559 160000
200 0.0012539999997898121 640000
500 0.0093114000001151 4000000
1000 0.07901870000023337 16000000
2000 0.8887375000003885 64000000
5000 14.638860799999748 400000000
10000 90.04569100000026 1600000000
