2 0.00021599999990939978 64
5 9.049999971466605e-05 400
10 0.0003443999999035441 1600
15 0.00020769999991898658 3600
20 9.929999987434712e-05 6400
25 0.0002859000001080858 10000
50 0.00041729999975359533 40000
100 0.0005329999999048596 160000
200 0.0014774999999644933 640000
500 0.008174600000074861 4000000
1000 0.0459592000001976 16000000
2000 0.2600729999999203 64000000
5000 3.8496384000000035 400000000
10000 22.06751630000008 1600000000
2 0.05200960000001942 64
5 0.0002580999998826883 400
10 0.00020919999997204286 1600
15 0.0001818999999159132 3600
20 0.00014519999967887998 6400
25 0.00014700000019729487 10000
50 0.00029330000006666523 40000
100 0.00048420000030091614 160000
200 0.0010263999997732753 640000
500 0.0075459999998201965 4000000
1000 0.04445709999981773 16000000
2000 0.30528700000013487 64000000
5000 3.52615569999989 400000000
10000 24.73848480000015 1600000000
2 0.06023939999977301 64
5 0.00017929999967236654 400
10 0.00019630000042525353 1600
15 0.00018929999987449264 3600
20 0.00020529999983409652 6400
25 0.00021799999967697659 10000
50 0.0003335999999762862 40000
100 0.00048460000016348204 160000
200 0.0010631999998622632 640000
500 0.008285999999770866 4000000
1000 0.045882300000357645 16000000
2000 0.32054040000002715 64000000
5000 3.684305000000222 400000000
10000 23.27969189999976 1600000000
2 0.05252309999968929 64
5 0.0002531000000089989 400
10 0.00023499999997511622 1600
15 0.0001667999999881431 3600
20 9.689999978945707e-05 6400
25 0.00011440000025686459 10000
50 0.000256599999829632 40000
100 0.0004689000002144894 160000
200 0.0010336999998799001 640000
500 0.007522300000346149 4000000
1000 0.045062700000016775 16000000
2000 0.3179573000002165 64000000
5000 3.4217407000001003 400000000
10000 24.08430210000006 1600000000
2 0.051524500000141416 64
5 0.0002034000003732217 400
10 0.00018589999990581418 1600
15 0.00018330000011701486 3600
20 0.00020039999981236178 6400
25 0.00015080000002853922 10000
50 0.0002830000003086752 40000
100 0.0004370999999991909 160000
200 0.0009559999998600688 640000
500 0.00758029999997234 4000000
1000 0.045669399999951565 16000000
2000 0.28840589999981603 64000000
5000 3.6579406000000745 400000000
10000 23.645580499999596 1600000000
2 0.052065399999719375 64
5 0.0001957999998012383 400
10 0.00013170000011086813 1600
15 0.00018009999985224567 3600
20 0.00021980000019539148 6400
25 0.00018360000012762612 10000
50 0.00030479999986710027 40000
100 0.0003893000002790359 160000
200 0.0010257000003548455 640000
500 0.007035599999653641 4000000
1000 0.04581159999997908 16000000
2000 0.3168430000000626 64000000
5000 3.5774493999997503 400000000
10000 24.17704390000017 1600000000
2 0.05648109999992812 64
5 0.0002807000000757398 400
10 0.00019909999991796212 1600
15 0.00012620000006791088 3600
20 0.00014459999965765746 6400
25 0.00015380000013465178 10000
50 0.0002937000003839785 40000
100 0.0004988000000594184 160000
200 0.0012212000001454726 640000
500 0.008428900000126305 4000000
1000 0.049994599999990896 16000000
2000 0.32101809999994657 64000000
5000 3.5238282999998773 400000000
10000 23.658355799999754 1600000000
2 0.05163509999965754 64
5 0.000182699999641045 400
10 0.00018569999974715756 1600
15 0.00020089999998162966 3600
20 0.00018629999976838008 6400
25 0.0001643000000512984 10000
50 0.00025939999977708794 40000
100 0.000461399999949208 160000
200 0.0009975000002668821 640000
500 0.007420699999784119 4000000
1000 0.04410550000011426 16000000
2000 0.2938990000002377 64000000
5000 3.4493649999999434 400000000
10000 24.555017000000134 1600000000
2 0.057597399999849586 64
5 7.08000002305198e-05 400
10 0.00017069999967134208 1600
15 0.0001218999996126513 3600
20 0.00018420000014884863 6400
25 0.00018660000023373868 10000
50 0.00041460000011284137 40000
100 0.00045109999973647064 160000
200 0.0009811999998419196 640000
500 0.006867199999760487 4000000
1000 0.04046010000001843 16000000
2000 0.30354410000018106 64000000
5000 3.974050000000261 400000000
10000 23.804795000000013 1600000000
2 0.054219600000124046 64
5 0.00016600000026301132 400
10 0.0001461000001654611 1600
15 0.00010090000023410539 3600
20 0.00011420000009820797 6400
25 0.00011790000007749768 10000
50 0.0002594000002318353 40000
100 0.00047270000004573376 160000
200 0.0009915999999066116 640000
500 0.007727499999873544 4000000
1000 0.04292659999964599 16000000
2000 0.3046071999997366 64000000
5000 3.4066861999999674 400000000
10000 24.10925760000009 1600000000
