2 0.0005925999994360609 64
5 0.00010990000009769574 400
10 0.00010859999929380137 1600
15 0.00011510000149428379 3600
20 0.0001446999995096121 6400
25 0.0009432000006199814 10000
50 0.0005868000007467344 40000
100 0.0008634000005258713 160000
200 0.0018602000000100816 640000
500 0.012865599999713595 4000000
1000 0.06679070000063803 16000000
2000 0.4292031000004499 64000000
5000 6.034331199998633 400000000
10000 31.53087179999966 1600000000
2 0.0697147999999288 64
5 0.00039540000034321565 400
10 0.0002820999998220941 1600
15 0.00029290000020409934 3600
20 0.0003177999988110969 6400
25 0.0003308000013930723 10000
50 0.0005019000000174856 40000
100 0.0007903999994596234 160000
200 0.0016313999985868577 640000
500 0.011227400000279886 4000000
1000 0.06710259999999835 16000000
2000 0.4512697999998636 64000000
5000 4.566359700000248 400000000
10000 31.315826000000015 1600000000
2 0.07724079999934474 64
5 0.0001216000000567874 400
10 0.00010110000039276201 1600
15 0.0001083999995898921 3600
20 0.0001405000002705492 6400
25 0.0007750000004307367 10000
50 0.0004124000006413553 40000
100 0.0009153999999398366 160000
200 0.0017243000002054032 640000
500 0.01117089999934251 4000000
1000 0.06126149999909103 16000000
2000 0.45514120000007097 64000000
5000 4.671339200000148 400000000
10000 30.579617900000812 1600000000
2 0.07723619999887887 64
5 0.00011650000124063808 400
10 0.0001019000010273885 1600
15 0.0001080999991245335 3600
20 0.00013949999993201345 6400
25 0.0007688999994570622 10000
50 0.0004654000003938563 40000
100 0.0009243000004062196 160000
200 0.0017797000000427943 640000
500 0.011264299999311334 4000000
1000 0.06686979999903997 16000000
2000 0.42173729999922216 64000000
5000 4.480769900001178 400000000
10000 30.58624349999991 1600000000
2 0.0696803999999247 64
5 0.00011780000022554304 400
10 0.0001002000008156756 1600
15 0.00010740000107034575 3600
20 0.00013609999950858764 6400
25 0.0008868000004440546 10000
50 0.000565100001040264 40000
100 0.0008021000012377044 160000
200 0.0018266000006406102 640000
500 0.012451200000214158 4000000
1000 0.0604313000003458 16000000
2000 0.4700842999991437 64000000
5000 4.437199600000895 400000000
10000 29.89696069999991 1600000000
2 0.07619700000032026 64
5 0.00011059999997087289 400
10 9.88000010693213e-05 1600
15 0.00010800000018207356 3600
20 0.0001353999996354105 6400
25 0.0007273999999597436 10000
50 0.0004871000001003267 40000
100 0.0007146000007196562 160000
200 0.0018565999998827465 640000
500 0.013246399999843561 4000000
1000 0.06845100000100501 16000000
2000 0.47909400000025926 64000000
5000 5.236629700000776 400000000
10000 30.478137800000695 1600000000
2 0.07587280000007013 64
5 0.0003811999995377846 400
10 0.0002807000000757398 1600
15 0.0003001000004587695 3600
20 0.00031040000067150686 6400
25 0.0002736999995249789 10000
50 0.0004001000015705358 40000
100 0.0008944000001065433 160000
200 0.0018374999999650754 640000
500 0.01249409999945783 4000000
1000 0.07938199999989592 16000000
2000 0.45490129999961937 64000000
5000 4.676178499999878 400000000
10000 32.411624099999244 1600000000
2 0.07193499999993946 64
5 0.0001173999989987351 400
10 0.00010199999996984843 1600
15 0.0001081000009435229 3600
20 0.00014139999984763563 6400
25 0.0007366999998339452 10000
50 0.0006468000010499964 40000
100 0.0008288999997603241 160000
200 0.0018280999993294245 640000
500 0.012694200000623823 4000000
1000 0.06958779999877152 16000000
2000 0.41916889999993145 64000000
5000 4.675391700000546 400000000
10000 30.992881099999067 1600000000
2 0.07384920000004058 64
5 0.00011869999980262946 400
10 0.00010130000009667128 1600
15 0.00010719999954744708 3600
20 0.00013810000018565916 6400
25 0.0003049000006285496 10000
50 0.0006766999995306833 40000
100 0.0011269000005995622 160000
200 0.0017210999994858867 640000
500 0.011816500000350061 4000000
1000 0.0797048000003997 16000000
2000 0.4607166000005236 64000000
5000 4.726612100001148 400000000
10000 31.73997639999834 1600000000
2 0.06940030000077968 64
5 0.00011240000094403513 400
10 0.00010169999950448982 1600
15 0.00010939999992842786 3600
20 0.0001407999989169184 6400
25 0.0006630000007135095 10000
50 0.00047199999971780926 40000
100 0.0008112999985314673 160000
200 0.0018306000001757639 640000
500 0.011640300001090509 4000000
1000 0.06714020000072196 16000000
2000 0.4532122000000527 64000000
5000 4.6726321000005555 400000000
10000 32.29237069999908 1600000000
