2 0.00047979999999370193 64
5 8.800000023256871e-05 400
10 0.0002623999998832005 1600
15 0.00012920000017402344 3600
20 0.0004687999999077874 6400
25 0.00032039999996413826 10000
50 0.00031439999975191313 40000
100 0.0007334000001719687 160000
200 0.001385799999752635 640000
500 0.008612000000084663 4000000
1000 0.06855580000001282 16000000
2000 0.7530345999998644 64000000
5000 14.105072399999699 400000000
10000 106.47506169999997 1600000000
2 0.10092619999977614 64
5 0.00020460000041566673 400
10 9.620000037102727e-05 1600
15 8.579999985158793e-05 3600
20 0.0001229999998031417 6400
25 0.00010519999977987027 10000
50 0.0004804999998668791 40000
100 0.0007527999996455037 160000
200 0.0012526999998954125 640000
500 0.008372899999812944 4000000
1000 0.0719930000000204 16000000
2000 0.8133183999998437 64000000
5000 13.22737989999996 400000000
10000 107.87829069999998 1600000000
2 0.0982813000000533 64
5 0.00024119999989125063 400
10 0.00010199999996984843 1600
15 9.369999997943523e-05 3600
20 0.00011809999978140695 6400
25 9.940000018104911e-05 10000
50 0.00042529999973339727 40000
100 0.0005684999996447004 160000
200 0.001325499999893509 640000
500 0.008599499999945692 4000000
1000 0.07383819999995467 16000000
2000 0.8260514000003241 64000000
5000 13.426823700000114 400000000
10000 110.05127290000019 1600000000
2 0.07363799999984622 64
5 0.00011420000009820797 400
10 6.609999991269433e-05 1600
15 5.5900000006658956e-05 3600
20 6.840000014562975e-05 6400
25 0.00016410000034738914 10000
50 0.0004672000000027765 40000
100 0.000828199999887147 160000
200 0.001494000000093365 640000
500 0.008851900000081514 4000000
1000 0.07024260000025606 16000000
2000 0.7902948000000833 64000000
5000 13.535339800000202 400000000
10000 107.72023500000023 1600000000
2 0.1002134999998816 64
5 0.00010609999981170404 400
10 5.03999999637017e-05 1600
15 5.330000021785963e-05 3600
20 6.660000008196221e-05 6400
25 0.000130899999930989 10000
50 0.0004648000003726338 40000
100 0.0007172000000537082 160000
200 0.0012966999997843232 640000
500 0.008519599999999627 4000000
1000 0.06686769999987519 16000000
2000 0.8234825999998066 64000000
5000 13.335078900000099 400000000
10000 107.88460869999972 1600000000
2 0.1151055999998789 64
5 0.0003821000000243657 400
10 0.0002637000002323475 1600
15 7.119999963833834e-05 3600
20 8.660000003146706e-05 6400
25 0.0001142999999501626 10000
50 0.00030999999989944627 40000
100 0.0005179999998290441 160000
200 0.0012902999997095321 640000
500 0.00848889999997482 4000000
1000 0.0736269999997603 16000000
2000 0.8016815000000861 64000000
5000 13.226235299999644 400000000
10000 107.3652302999999 1600000000
2 0.1003765000000385 64
5 0.0002718000000641041 400
10 0.00020909999966534087 1600
15 7.060000007186318e-05 3600
20 0.00010730000030889641 6400
25 0.0001295000001846347 10000
50 0.00032000000010157237 40000
100 0.000526100000115548 160000
200 0.0013091000000713393 640000
500 0.008884500000021944 4000000
1000 0.07175850000021455 16000000
2000 0.7923135000000912 64000000
5000 13.497029600000133 400000000
10000 108.68517629999997 1600000000
2 0.11358199999995122 64
5 0.000172399999883055 400
10 0.00010310000016033882 1600
15 0.00011970000014116522 3600
20 0.0005067000001872657 6400
25 0.00023869999995440594 10000
50 0.00028539999993881793 40000
100 0.0005169999999452557 160000
200 0.0015673000002607296 640000
500 0.008830299999772251 4000000
1000 0.0763849999998456 16000000
2000 0.7854060999998183 64000000
5000 13.701517599999988 400000000
10000 106.46780590000026 1600000000
2 0.10226620000003095 64
5 0.00011180000001331791 400
10 5.1899999562010635e-05 1600
15 5.430000010164804e-05 3600
20 6.83999996908824e-05 6400
25 0.00017939999997906853 10000
50 0.0004262999996171857 40000
100 0.0006524000000354135 160000
200 0.001367100000152277 640000
500 0.007651299999906769 4000000
1000 0.06893519999994169 16000000
2000 0.7492118999998638 64000000
5000 13.76307480000014 400000000
10000 107.65188940000007 1600000000
2 0.09897570000021005 64
5 0.00016180000011445372 400
10 0.00010390000034021796 1600
15 0.00012019999985568575 3600
20 0.00017469999966124306 6400
25 0.00011420000009820797 10000
50 0.0004208999998809304 40000
100 0.0006215000003066962 160000
200 0.001320800000030431 640000
500 0.0083718000000772 4000000
1000 0.06774849999965227 16000000
2000 0.8102804999998625 64000000
5000 14.080615999999736 400000000
10000 107.49655569999959 1600000000
