2 0.011613300000000049 64
5 0.0003980000000001205 400
10 0.0001820000000001265 1600
15 0.0002124000000001125 3600
20 0.0002884000000000775 6400
25 0.00016709999999964253 10000
50 0.0015817000000000192 40000
100 0.0009806000000001092 160000
200 0.0020877000000001367 640000
500 0.009478200000000214 4000000
1000 0.14034579999999997 16000000
2000 0.7553067000000002 64000000
5000 13.6202483 400000000
10000 107.799591 1600000000
2 0.09681410000000312 64
5 0.00011520000001041808 400
10 0.00010369999999682022 1600
15 0.00010059999999612046 3600
20 0.00013420000000508026 6400
25 0.0007211000000069134 10000
50 0.00032699999999863394 40000
100 0.0005314999999939118 160000
200 0.001499699999996551 640000
500 0.009477200000006292 4000000
1000 0.06939290000001108 16000000
2000 0.8402558000000084 64000000
5000 13.54406680000001 400000000
10000 105.2056005 1600000000
2 0.09966890000001172 64
5 0.00035970000001839253 400
10 0.0002197999999964395 1600
15 0.00022069999999985157 3600
20 0.0001654999999800566 6400
25 0.0001251999999851705 10000
50 0.0003177000000107455 40000
100 0.0005596999999966101 160000
200 0.0014399000000082651 640000
500 0.009402899999997771 4000000
1000 0.07568789999999126 16000000
2000 0.805018600000011 64000000
5000 13.372351699999967 400000000
10000 106.58422350000001 1600000000
2 0.09833470000000943 64
5 0.0003904999999804204 400
10 8.580000002211818e-05 1600
15 0.00010070000001860535 3600
20 0.00013450000000148066 6400
25 0.00019459999998616695 10000
50 0.0005244999999831634 40000
100 0.0006488999999874068 160000
200 0.0014086999999562977 640000
500 0.007873000000017782 4000000
1000 0.06979340000003731 16000000
2000 0.78029250000003 64000000
5000 13.157635599999992 400000000
10000 106.15667300000001 1600000000
2 0.09821249999998827 64
5 0.0001667999999881431 400
10 9.829999999055872e-05 1600
15 0.00012110000000120635 3600
20 0.0007254000000216365 6400
25 0.00012190000001055523 10000
50 0.0003255000000308428 40000
100 0.000544800000000123 160000
200 0.0012593999999808148 640000
500 0.009057999999981803 4000000
1000 0.07163809999997284 16000000
2000 0.844643700000006 64000000
5000 13.375160600000015 400000000
10000 106.26942250000002 1600000000
2 0.09834699999998975 64
5 0.00017939999997906853 400
10 9.939999995367543e-05 1600
15 8.719999993900274e-05 3600
20 0.00013269999999465654 6400
25 0.00011030000007394847 10000
50 0.0003749999999627107 40000
100 0.0007650999999668784 160000
200 0.0013132000000268818 640000
500 0.009056799999939358 4000000
1000 0.07030329999997775 16000000
2000 0.8321367999999438 64000000
5000 13.22645799999998 400000000
10000 106.88913590000004 1600000000
2 0.10005069999999705 64
5 0.00011189999997895939 400
10 5.2299999993010715e-05 1600
15 5.369999996673869e-05 3600
20 7.000000005064066e-05 6400
25 0.0001615999999557971 10000
50 0.0004359000000704327 40000
100 0.000757000000021435 160000
200 0.0012568999999302832 640000
500 0.009331399999950918 4000000
1000 0.07100800000000618 16000000
2000 0.8300312000000076 64000000
5000 13.472306000000003 400000000
10000 106.98875140000007 1600000000
2 0.10156169999993381 64
5 0.00011069999993651436 400
10 5.290000001423323e-05 1600
15 0.00012430000003860187 3600
20 0.00015240000004723697 6400
25 7.749999997486157e-05 10000
50 0.00046939999992900994 40000
100 0.0007585000000744913 160000
200 0.0012732999999798267 640000
500 0.008575399999926958 4000000
1000 0.06970979999994142 16000000
2000 0.7700727999999799 64000000
5000 13.501720999999975 400000000
10000 106.7378334 1600000000
2 0.09942309999996723 64
5 0.00027390000002469606 400
10 0.000182099999960883 1600
15 0.00013779999994767422 3600
20 0.00015250000001287844 6400
25 0.00017049999996743281 10000
50 0.0002979000000777887 40000
100 0.00048060000005989423 160000
200 0.0012973999999985608 640000
500 0.009197299999982533 4000000
1000 0.07458319999989271 16000000
2000 0.8203538000000208 64000000
5000 13.327062800000022 400000000
10000 105.98355639999988 1600000000
2 0.10224689999995462 64
5 0.00011569999992389057 400
10 0.00036189999991620425 1600
15 6.269999994401587e-05 3600
20 7.149999987632327e-05 6400
25 8.040000011533266e-05 10000
50 0.0005687000000307307 40000
100 0.0005589999998392159 160000
200 0.001565199999959077 640000
500 0.009258199999976569 4000000
1000 0.07391180000013264 16000000
2000 0.8392182000000048 64000000
5000 13.499753900000087 400000000
10000 105.60954920000017 1600000000
