2 0.00026559999969322234 64
5 0.00015559999974357197 400
10 3.500000002532033e-05 1600
15 9.560000034980476e-05 3600
20 5.3900000239082146e-05 6400
25 6.8700000156241e-05 10000
50 0.00014270000065153 40000
100 0.00034589999995660037 160000
200 0.0006396999997377861 640000
500 0.0038039999999455176 4000000
1000 0.02439059999960591 16000000
2000 0.17048979999981384 64000000
5000 2.325130700000045 400000000
10000 15.914136599999438 1600000000
2 0.05257549999987532 64
5 0.0003214999996998813 400
10 0.000240999999732594 1600
15 4.1000000237545464e-05 3600
20 0.00015210000037768623 6400
25 8.829999933368526e-05 10000
50 0.00018980000004376052 40000
100 0.00030870000045979396 160000
200 0.0005986999995002407 640000
500 0.0034783000000970787 4000000
1000 0.022114499999588588 16000000
2000 0.1455390000000989 64000000
5000 2.4327036000004227 400000000
10000 17.537448099999892 1600000000
2 0.0489212000002226 64
5 6.099999973230297e-05 400
10 3.1399999897985253e-05 1600
15 2.8100000236008782e-05 3600
20 0.0001382000000376138 6400
25 4.7900000026857015e-05 10000
50 0.00020279999989725184 40000
100 0.0004458999992493773 160000
200 0.0007457000001522829 640000
500 0.003987899999629008 4000000
1000 0.025767299999643 16000000
2000 0.18290750000051048 64000000
5000 2.409624900000381 400000000
10000 16.542809900000066 1600000000
2 0.0490497000000687 64
5 0.00018660000023373868 400
10 0.00010919999931502389 1600
15 0.0001619000004211557 3600
20 0.00012629999946511816 6400
25 0.0001067000002876739 10000
50 0.00023379999947792385 40000
100 0.00035909999951400096 160000
200 0.0006690000000162399 640000
500 0.004446299999472103 4000000
1000 0.02669450000030338 16000000
2000 0.1899558999994042 64000000
5000 2.3836778000004415 400000000
10000 17.37850459999936 1600000000
2 0.06135439999980008 64
5 0.00022509999962494476 400
10 0.00010069999916595407 1600
15 8.419999994657701e-05 3600
20 9.319999935542e-05 6400
25 9.180000051856041e-05 10000
50 0.00020709999989776406 40000
100 0.0004831000005651731 160000
200 0.000668700000460376 640000
500 0.004152200000135053 4000000
1000 0.027568499999688356 16000000
2000 0.1945930000001681 64000000
5000 2.4557592000001023 400000000
10000 17.274380500000007 1600000000
2 0.04969359999995504 64
5 8.499999967170879e-05 400
10 6.669999947916949e-05 1600
15 6.200000007083872e-05 3600
20 0.00019390000034036348 6400
25 0.00012169999990874203 10000
50 0.0002212999997937004 40000
100 0.00046130000009725336 160000
200 0.0006558000004588393 640000
500 0.004094200000508863 4000000
1000 0.026096399999914865 16000000
2000 0.19183189999966999 64000000
5000 2.4780676000000312 400000000
10000 16.548854200000278 1600000000
2 0.04933379999965837 64
5 0.00011049999920942355 400
10 7.850000019971048e-05 1600
15 7.529999948019395e-05 3600
20 0.0001114999995479593 6400
25 0.00010199999996984843 10000
50 0.00022050000006856862 40000
100 0.00039620000006834744 160000
200 0.0005881000006411341 640000
500 0.003414300000258663 4000000
1000 0.021705799999836017 16000000
2000 0.1902853999999934 64000000
5000 2.4728070000001026 400000000
10000 17.4761881000004 1600000000
2 0.04998230000001058 64
5 0.00010099999963131268 400
10 7.230000028357608e-05 1600
15 6.750000011379598e-05 3600
20 7.710000045335619e-05 6400
25 7.410000034724362e-05 10000
50 0.0001584999999977299 40000
100 0.00043060000007244525 160000
200 0.0006733999998687068 640000
500 0.004020899999886751 4000000
1000 0.021934800000053656 16000000
2000 0.1898630999994566 64000000
5000 2.5330685999997513 400000000
10000 17.62942860000021 1600000000
2 0.04920499999934691 64
5 0.00010930000007647322 400
10 8.040000011533266e-05 1600
15 6.739999935234664e-05 3600
20 7.690000074944692e-05 6400
25 7.499999992433004e-05 10000
50 0.00030189999961294234 40000
100 0.00029580000045825727 160000
200 0.0006155999999464257 640000
500 0.0041045000007216 4000000
1000 0.02618680000068707 16000000
2000 0.17321549999996932 64000000
5000 2.2368117999994865 400000000
10000 16.288148900000124 1600000000
2 0.04901460000019142 64
5 0.0001909000002342509 400
10 0.0001619000004211557 1600
15 0.00016390000018873252 3600
20 0.00012280000009923242 6400
25 0.00010709999969549244 10000
50 0.00021600000036414713 40000
100 0.00025269999969168566 160000
200 0.0006558000004588393 640000
500 0.0039690000003247405 4000000
1000 0.026262499999575084 16000000
2000 0.18228760000056354 64000000
5000 2.340294599999652 400000000
10000 16.86915070000032 1600000000
