2 0.0005368999999859625 64
5 0.00018380000000206564 400
10 0.00019309999998995409 1600
15 0.00023509999999760112 3600
20 0.00033150000001569424 6400
25 0.00035960000002432935 10000
50 0.0003810000000044056 40000
100 0.0004716999999914151 160000
200 0.001066600000001472 640000
500 0.0059810999999854175 4000000
1000 0.03386489999996911 16000000
2000 0.25541180000004715 64000000
5000 3.6077366000000097 400000000
10000 20.319148400000017 1600000000
2 0.05000809999995681 64
5 0.00018499999998766725 400
10 0.0001924000000030901 1600
15 0.0001488999999992302 3600
20 0.00015679999995654725 6400
25 0.00015840000003208843 10000
50 0.00024330000002237284 40000
100 0.00043310000000928994 160000
200 0.0009592999999767926 640000
500 0.005554200000005949 4000000
1000 0.03676799999999503 16000000
2000 0.26458049999996547 64000000
5000 3.0023000999999567 400000000
10000 23.28915969999997 1600000000
2 0.049259100000028866 64
5 0.00023490000000947475 400
10 0.00019079999998439234 1600
15 0.00018830000004754766 3600
20 0.0002046000000177628 6400
25 0.00021470000001500011 10000
50 0.00026830000001609733 40000
100 0.0004275999999663327 160000
200 0.0009577999999805797 640000
500 0.00494539999999688 4000000
1000 0.03608719999999721 16000000
2000 0.24983649999995805 64000000
5000 3.40544460000001 400000000
10000 21.547033299999953 1600000000
2 0.05126100000001088 64
5 0.00036899999997785926 400
10 0.000367999999980384 1600
15 0.00024780000001101143 3600
20 0.0001713000000336251 6400
25 0.0001245999999923697 10000
50 0.00027390000002469606 40000
100 0.00045679999999492793 160000
200 0.000988299999960418 640000
500 0.005671199999994769 4000000
1000 0.03291809999996076 16000000
2000 0.24354130000000396 64000000
5000 3.1229880999999864 400000000
10000 22.754119600000024 1600000000
2 0.05475100000001021 64
5 0.0001475999999911437 400
10 0.00022680000000718792 1600
15 0.00018959999999879074 3600
20 0.00020169999999097854 6400
25 0.00021620000001121298 10000
50 0.00030150000003459354 40000
100 0.00043370000003051246 160000
200 0.0010108999999829393 640000
500 0.005891200000007757 4000000
1000 0.03723569999999654 16000000
2000 0.2459261000000197 64000000
5000 3.2066042000000152 400000000
10000 22.401143899999965 1600000000
2 0.05443510000003471 64
5 0.0001361000000201784 400
10 0.00024499999994986865 1600
15 0.00021329999998442872 3600
20 0.00014950000002045272 6400
25 0.00021689999999807696 10000
50 0.00021900000001551234 40000
100 0.0004305999999587584 160000
200 0.0009194000000434244 640000
500 0.0056288000000108696 4000000
1000 0.040608099999985825 16000000
2000 0.2645666000000233 64000000
5000 3.3556871000000115 400000000
10000 23.30021019999998 1600000000
2 0.05167860000000246 64
5 6.869999998571075e-05 400
10 0.00016840000000684086 1600
15 0.0001245999999923697 3600
20 0.0003634999999917454 6400
25 0.0001682000000187145 10000
50 0.00025209999995468024 40000
100 0.00043169999997871855 160000
200 0.0009636999999997897 640000
500 0.0056821000000013555 4000000
1000 0.03582360000001472 16000000
2000 0.26154370000000426 64000000
5000 3.6240376000000083 400000000
10000 22.651441800000043 1600000000
2 0.04981609999998682 64
5 0.0002490999999622545 400
10 0.00023729999998067797 1600
15 0.00024139999999306383 3600
20 0.00016520000002628876 6400
25 0.00012130000004617614 10000
50 0.0002518000000009124 40000
100 0.0004281999999875552 160000
200 0.0009918000000084248 640000
500 0.00593450000002349 4000000
1000 0.03082840000001852 16000000
2000 0.255055700000014 64000000
5000 3.101782700000001 400000000
10000 21.342878900000017 1600000000
2 0.052092099999981656 64
5 0.0003050000000257569 400
10 0.0001935999999886917 1600
15 0.0001770000000078653 3600
20 0.00026690000004236936 6400
25 0.00017009999999118008 10000
50 0.00023539999995136895 40000
100 0.00045180000006439514 160000
200 0.00104549999991832 640000
500 0.005957299999977295 4000000
1000 0.04013910000003307 16000000
2000 0.27126209999994444 64000000
5000 3.625484400000005 400000000
10000 24.446238899999912 1600000000
2 0.048975799999993797 64
5 0.00016219999997701962 400
10 0.00014110000006439805 1600
15 0.00013909999995576072 3600
20 0.000148400000057336 6400
25 0.0001155999999582491 10000
50 0.00024650000000292493 40000
100 0.0004533000000037646 160000
200 0.0009881999999379332 640000
500 0.005528499999968517 4000000
1000 0.03643699999997807 16000000
2000 0.25712259999988873 64000000
5000 3.0578461999999718 400000000
10000 21.463633399999935 1600000000
