2 0.00047169999925245065 64
5 0.00011760000052163377 400
10 0.00010339999971620273 1600
15 0.00010169999950448982 3600
20 0.00015499999972234946 6400
25 0.000751499999751104 10000
50 0.00041849999979604036 40000
100 0.0006591000001208158 160000
200 0.0017490999998699408 640000
500 0.011491199998999946 4000000
1000 0.05640339999990829 16000000
2000 0.3998799999990297 64000000
5000 5.899374399999942 400000000
10000 32.630846800000654 1600000000
2 0.07658880000053614 64
5 0.0003505000004224712 400
10 0.0003340999992360594 1600
15 0.0002924999989772914 3600
20 0.00028250000104890205 6400
25 0.00037460000021383166 10000
50 0.000581899999815505 40000
100 0.0007484999987354968 160000
200 0.0018151999993278878 640000
500 0.018062500001178705 4000000
1000 0.07373100000040722 16000000
2000 0.41002340000159165 64000000
5000 5.13202260000071 400000000
10000 33.222465299999385 1600000000
2 0.06980099999964295 64
5 0.00010970000039378647 400
10 9.549999958835542e-05 1600
15 9.710000085760839e-05 3600
20 0.0006078000005800277 6400
25 0.0003513000010570977 10000
50 0.0005926000012550503 40000
100 0.000705000000380096 160000
200 0.0015098999992915196 640000
500 0.010155899999517715 4000000
1000 0.058402799999385024 16000000
2000 0.40497599999980594 64000000
5000 4.569087500000023 400000000
10000 31.469455899999957 1600000000
2 0.07997399999840127 64
5 0.00012849999984609894 400
10 9.990000035031699e-05 1600
15 9.890000001178123e-05 3600
20 0.0006578000011359109 6400
25 0.00035209999987273477 10000
50 0.0004005999999208143 40000
100 0.0008397999990847893 160000
200 0.0018096000003424706 640000
500 0.011165199999595643 4000000
1000 0.06435719999899447 16000000
2000 0.43402059999971243 64000000
5000 4.5690771999998105 400000000
10000 32.324105800000325 1600000000
2 0.06893510000008973 64
5 0.00010819999988598283 400
10 9.580000005371403e-05 1600
15 9.73999995039776e-05 3600
20 0.0001328999987890711 6400
25 0.0007437000003847061 10000
50 0.000543100000868435 40000
100 0.0007955000000947621 160000
200 0.0016702000011719065 640000
500 0.010262900001180242 4000000
1000 0.06018260000018927 16000000
2000 0.42507020000084594 64000000
5000 4.522697200000039 400000000
10000 32.43690489999972 1600000000
2 0.07494760000008682 64
5 0.00011030000132450368 400
10 9.820000013860408e-05 1600
15 9.750000026542693e-05 3600
20 0.00026359999901615083 6400
25 0.0004284999995434191 10000
50 0.0007399999994959217 40000
100 0.000721799999155337 160000
200 0.0015870999995968305 640000
500 0.01673289999962435 4000000
1000 0.062225400000897935 16000000
2000 0.4365195999998832 64000000
5000 4.471356000000014 400000000
10000 31.97731399999975 1600000000
2 0.08178460000090126 64
5 0.000378400000045076 400
10 0.0003018000006704824 1600
15 0.00040050000097835436 3600
20 0.00040780000017548446 6400
25 0.0003891000014846213 10000
50 0.0005946000001131324 40000
100 0.000806199999715318 160000
200 0.0019320999999763444 640000
500 0.013013800000408082 4000000
1000 0.07547680000061519 16000000
2000 0.4795544999997219 64000000
5000 4.836814899999808 400000000
10000 34.687192100000175 1600000000
2 0.07572169999912148 64
5 0.00010820000170497224 400
10 9.559999853081536e-05 1600
15 0.0005674999993061647 3600
20 0.00032219999957305845 6400
25 0.000354799998603994 10000
50 0.0005299000004015397 40000
100 0.0007664000004297122 160000
200 0.0016288999995595077 640000
500 0.011080199999923934 4000000
1000 0.06673050000063085 16000000
2000 0.42341789999954926 64000000
5000 4.409171999999671 400000000
10000 32.23137870000028 1600000000
2 0.07204920000003767 64
5 0.0001007999999274034 400
10 0.00012489999971876387 1600
15 0.0003157999999530148 3600
20 0.00031830000079935417 6400
25 0.0003555999992386205 10000
50 0.0005209999999351567 40000
100 0.0009879999997792765 160000
200 0.0015948000000207685 640000
500 0.012056500001563109 4000000
1000 0.07058350000079372 16000000
2000 0.41150980000020354 64000000
5000 4.976564399999916 400000000
10000 32.442677600000025 1600000000
2 0.07330590000128723 64
5 0.0002562000008765608 400
10 0.00023739999960525893 1600
15 0.00020640000002458692 3600
20 0.0002773000014713034 6400
25 0.0001978999989660224 10000
50 0.0004324000001361128 40000
100 0.001114900000175112 160000
200 0.0017404000009264564 640000
500 0.011999800000921823 4000000
1000 0.06714930000089225 16000000
2000 0.46717010000065784 64000000
5000 5.657263899998725 400000000
10000 35.27833490000012 1600000000
