2 0.0011995000004390022 64
5 0.0005332999999154708 400
10 0.0001660999996602186 1600
15 0.000250199999754841 3600
20 0.00016959999993559904 6400
25 0.0001494999996793922 10000
50 0.00048119999974005623 40000
100 0.0008484999998472631 160000
200 0.0014668999992863974 640000
500 0.009456799999497889 4000000
1000 0.07813290000012785 16000000
2000 0.835755699999936 64000000
5000 14.735119899999518 400000000
10000 109.62019640000017 1600000000
2 0.09844630000043253 64
5 0.0001832999996622675 400
10 0.00012580000020534499 1600
15 9.28999997995561e-05 3600
20 0.00014009999995323597 6400
25 0.00011249999988649506 10000
50 0.00044609999986278126 40000
100 0.0006557999995493446 160000
200 0.0014182999993863632 640000
500 0.009507400000074995 4000000
1000 0.07602909999968688 16000000
2000 0.7903750999994372 64000000
5000 14.305356900000334 400000000
10000 112.26563350000015 1600000000
2 0.1012537999995402 64
5 0.00012569999944389565 400
10 6.510000002890592e-05 1600
15 5.959999998594867e-05 3600
20 7.840000034775585e-05 6400
25 0.00033800000073824776 10000
50 0.00029739999990852084 40000
100 0.0005269000002954272 160000
200 0.001330699999925855 640000
500 0.009046799999850919 4000000
1000 0.07555469999988418 16000000
2000 0.8740907000001243 64000000
5000 14.604809599999498 400000000
10000 111.07057850000001 1600000000
2 0.0980638999999428 64
5 0.00017589999970368808 400
10 0.0001297999997404986 1600
15 0.00012409999999363208 3600
20 0.00022780000017519342 6400
25 0.0001247000000148546 10000
50 0.00042470000062166946 40000
100 0.0006110000003900495 160000
200 0.0012763000004269998 640000
500 0.00958730000002106 4000000
1000 0.07269700000051671 16000000
2000 0.8626628000001801 64000000
5000 15.136117500000182 400000000
10000 113.01634430000013 1600000000
2 0.05323670000052516 64
5 0.000141299999995681 400
10 0.00011869999980262946 1600
15 0.0002571000004536472 3600
20 0.00015559999974357197 6400
25 0.0005860999999640626 10000
50 0.0006303999998635845 40000
100 0.0007174000002123648 160000
200 0.0014823000001342734 640000
500 0.00973119999980554 4000000
1000 0.07180719999996654 16000000
2000 0.8020474000004469 64000000
5000 15.197324599999774 400000000
10000 110.69172729999991 1600000000
2 0.11846799999966606 64
5 0.00029540000014094403 400
10 0.00016489999961777357 1600
15 0.00021809999998367857 3600
20 0.0001795999996829778 6400
25 0.00011580000045796623 10000
50 0.0003006999995704973 40000
100 0.0005091000002721557 160000
200 0.0013289000007716822 640000
500 0.009487199999966833 4000000
1000 0.08040040000014415 16000000
2000 0.8661287999993874 64000000
5000 14.423552599999311 400000000
10000 113.9211951999996 1600000000
2 0.11333689999992203 64
5 0.00017939999997906853 400
10 0.00013780000062979525 1600
15 0.00013660000058735022 3600
20 0.00014739999915036606 6400
25 0.00011549999999260763 10000
50 0.0004637000001821434 40000
100 0.0006371999998009414 160000
200 0.0013006999997742241 640000
500 0.009530199999971956 4000000
1000 0.07686650000050577 16000000
2000 0.8328444999997373 64000000
5000 14.190929800000049 400000000
10000 110.86005409999962 1600000000
2 0.1140092999994522 64
5 0.00013450000005832408 400
10 0.00018430000000080327 1600
15 0.00012740000056510326 3600
20 7.569999979750719e-05 6400
25 8.929999967222102e-05 10000
50 0.0004409000002851826 40000
100 0.0006463999998231884 160000
200 0.001301199999943492 640000
500 0.009267600000384846 4000000
1000 0.07380209999973886 16000000
2000 0.8641928999995798 64000000
5000 14.214696700000786 400000000
10000 110.91024920000018 1600000000
2 0.11348069999985455 64
5 0.00019270000029791845 400
10 0.00011509999967529438 1600
15 0.00011269999959040433 3600
20 0.0007284000002982793 6400
25 0.00011790000007749768 10000
50 0.0003090999998676125 40000
100 0.0005231000004641828 160000
200 0.0013057000005574082 640000
500 0.009545099999741069 4000000
1000 0.07889009999962582 16000000
2000 0.8572150999998485 64000000
5000 14.215914699999303 400000000
10000 110.68109499999991 1600000000
2 0.11382440000033966 64
5 0.000189200000022538 400
10 0.00011629999971773941 1600
15 0.00011730000005627517 3600
20 0.0001422000004822621 6400
25 0.00011749999976018444 10000
50 0.00044439999965106836 40000
100 0.0006121000005805399 160000
200 0.0013542999995479477 640000
500 0.009150900000349793 4000000
1000 0.07089319999977306 16000000
2000 0.8790398999999525 64000000
5000 14.339726400000472 400000000
10000 112.53087139999934 1600000000
