2 0.0004891999997198582 64
5 0.0002432000001135748 400
10 0.0002777999998215819 1600
15 0.00011339999946358148 3600
20 0.00017139999999926658 6400
25 0.00015499999972234946 10000
50 0.00036890000046696514 40000
100 0.0005561999996643863 160000
200 0.0012118000004193163 640000
500 0.00592170000072656 4000000
1000 0.037736999999651744 16000000
2000 0.24947290000000066 64000000
5000 3.771476299999449 400000000
10000 20.48300290000043 1600000000
2 0.05138430000079097 64
5 0.00011139999969600467 400
10 0.00021949999973003287 1600
15 0.00018969999928231118 3600
20 0.00020150000000285218 6400
25 0.0002123000003848574 10000
50 0.00031289999969885685 40000
100 0.00045000000045547495 160000
200 0.0009726999996928498 640000
500 0.005602799999905983 4000000
1000 0.036505400000351074 16000000
2000 0.2700070000000778 64000000
5000 3.0450416000003315 400000000
10000 21.951879899999767 1600000000
2 0.04893290000018169 64
5 0.0001965000001291628 400
10 0.00012989999959245324 1600
15 0.00026509999952395447 3600
20 0.0001756999999997788 6400
25 0.00016219999997701962 10000
50 0.00025939999977708794 40000
100 0.0004513000003498746 160000
200 0.0010197000001426204 640000
500 0.006653000000369502 4000000
1000 0.039772899999661604 16000000
2000 0.2789789999997083 64000000
5000 3.3372111999997287 400000000
10000 22.909440999999788 1600000000
2 0.049467200000435696 64
5 0.00013359999957174296 400
10 0.00022119999994174577 1600
15 0.00013269999999465654 3600
20 0.0002006999993682257 6400
25 0.0001505999998698826 10000
50 0.0002751000001808279 40000
100 0.000442000000475673 160000
200 0.0009465000002819579 640000
500 0.006810599999880651 4000000
1000 0.032925100000284147 16000000
2000 0.27497850000054314 64000000
5000 3.2379002999996374 400000000
10000 21.25365090000014 1600000000
2 0.053632599999218655 64
5 0.00036560000080498867 400
10 0.0002839999997377163 1600
15 0.0004245000000082655 3600
20 0.00024669999947946053 6400
25 0.0001664000001255772 10000
50 0.00027829999999084976 40000
100 0.0004473999997571809 160000
200 0.000987899999927322 640000
500 0.005666699999892444 4000000
1000 0.035458599999401486 16000000
2000 0.26974559999962366 64000000
5000 3.361585599999671 400000000
10000 23.122060600000623 1600000000
2 0.048891399999774876 64
5 0.00019520000023476314 400
10 0.00018629999976838008 1600
15 0.00023549999968963675 3600
20 0.0002117000003636349 6400
25 0.00011730000005627517 10000
50 0.0002595000005385373 40000
100 0.00045570000020234147 160000
200 0.00099560000035126 640000
500 0.006317000000308326 4000000
1000 0.03871239999989484 16000000
2000 0.28260339999997086 64000000
5000 3.258863399999427 400000000
10000 21.792473500000597 1600000000
2 0.049952200000007 64
5 0.00023089999922376592 400
10 0.00014960000044084154 1600
15 0.00014030000056663994 3600
20 0.00014840000039839651 6400
25 0.00011780000022554304 10000
50 0.00032129999999597203 40000
100 0.000485899999148387 160000
200 0.0011247000002185814 640000
500 0.006244600000172795 4000000
1000 0.041000199999871256 16000000
2000 0.26894499999980326 64000000
5000 3.36378650000006 400000000
10000 24.52363779999996 1600000000
2 0.04968319999989035 64
5 0.0001903000002130284 400
10 0.00023640000017621787 1600
15 0.0001263999993170728 3600
20 0.00020260000019334257 6400
25 0.00015179999991232762 10000
50 0.00033150000035675475 40000
100 0.0004502000001593842 160000
200 0.0010448000002725166 640000
500 0.005439499999738473 4000000
1000 0.035239499999988766 16000000
2000 0.2732884999995804 64000000
5000 3.32856240000001 400000000
10000 22.45164979999936 1600000000
2 0.04932670000016515 64
5 0.00023770000007061753 400
10 0.00019009999959962443 1600
15 0.000230599999667902 3600
20 0.0002413000001979526 6400
25 0.00016370000048482325 10000
50 0.000234499999351101 40000
100 0.000452400000540365 160000
200 0.0009819999995670514 640000
500 0.006406300000890042 4000000
1000 0.03810619999967457 16000000
2000 0.2971809000000576 64000000
5000 3.212399999999434 400000000
10000 23.361506900000677 1600000000
2 0.052050600000256964 64
5 0.0001474999999118154 400
10 0.0002082999999402091 1600
15 0.0001947999999174499 3600
20 0.0001968000005945214 6400
25 0.00024669999947946053 10000
50 0.0002844000000550295 40000
100 0.00043619999996735714 160000
200 0.0010202000003118883 640000
500 0.0062917000004745205 4000000
1000 0.03903140000056737 16000000
2000 0.2840710999998919 64000000
5000 3.849280600000384 400000000
10000 23.274066800000583 1600000000
