2 0.0004949000012857141 64
5 0.00017010000010486692 400
10 0.00017469999875174835 1600
15 0.0003158999988954747 3600
20 0.0002653999999893131 6400
25 0.00038639999911538325 10000
50 0.0006000999983371003 40000
100 0.0009938000002875924 160000
200 0.0026515999998082407 640000
500 0.013799800000924733 4000000
1000 0.07112369999958901 16000000
2000 0.47348760000022594 64000000
5000 5.624055999998745 400000000
10000 29.97734180000043 1600000000
2 0.06881050000083633 64
5 0.00011520000043674372 400
10 0.00010309999925084412 1600
15 0.00011970000014116522 3600
20 0.00027860000045620836 6400
25 0.00035229999957664404 10000
50 0.00039760000072419643 40000
100 0.0008452000001852866 160000
200 0.0018517999997129664 640000
500 0.012749800000165123 4000000
1000 0.06870849999904749 16000000
2000 0.46198809999987134 64000000
5000 4.61964369999987 400000000
10000 31.32458239999869 1600000000
2 0.0787240000008751 64
5 0.00011730000005627517 400
10 0.00010170000132347923 1600
15 0.00010660000043571927 3600
20 0.00013770000077784061 6400
25 0.0007530000002589077 10000
50 0.00043819999882543925 40000
100 0.0008430999987467658 160000
200 0.0018595000001369044 640000
500 0.01240969999889785 4000000
1000 0.06824620000043069 16000000
2000 0.4740190000011353 64000000
5000 4.641714699999284 400000000
10000 30.327356700001474 1600000000
2 0.07232399999884365 64
5 0.00011500000073283445 400
10 0.00010230000043520704 1600
15 0.00011209999865968712 3600
20 0.00014059999921300914 6400
25 0.0007927000006020535 10000
50 0.00039790000118955504 40000
100 0.0007712000005994923 160000
200 0.0018061000009765849 640000
500 0.011649000000033993 4000000
1000 0.06648390000009385 16000000
2000 0.46311040000000503 64000000
5000 4.592247399999906 400000000
10000 30.900349199999255 1600000000
2 0.07892280000123719 64
5 0.00011530000119819306 400
10 0.00010110000039276201 1600
15 0.00010870000005525071 3600
20 0.00013639999997394625 6400
25 0.0003879000014421763 10000
50 0.0006955999997444451 40000
100 0.0012369999985821778 160000
200 0.001877000000604312 640000
500 0.012236900000061723 4000000
1000 0.06651620000047842 16000000
2000 0.4552879999992001 64000000
5000 4.702946500001417 400000000
10000 30.603304899999785 1600000000
2 0.08169719999932568 64
5 0.00012109999988751952 400
10 0.00011009999980160501 1600
15 0.0001291999997192761 3600
20 0.00014909999845258426 6400
25 0.0002671999991434859 10000
50 0.0007427000000461703 40000
100 0.0012255000001459848 160000
200 0.001775499998984742 640000
500 0.012972700000318582 4000000
1000 0.06484980000095675 16000000
2000 0.4665989000004629 64000000
5000 4.631760599999325 400000000
10000 31.805785399999877 1600000000
2 0.07298460000129126 64
5 0.00011479999920993578 400
10 0.00010110000039276201 1600
15 0.00010840000140888151 3600
20 0.00013749999925494194 6400
25 0.0002607000005809823 10000
50 0.0007003999999142252 40000
100 0.0013450999995257007 160000
200 0.0018257000010635238 640000
500 0.01230059999943478 4000000
1000 0.059511099998417194 16000000
2000 0.4487083000003622 64000000
5000 5.071523699998579 400000000
10000 31.890782799999215 1600000000
2 0.07895380000081786 64
5 0.00011669999912555795 400
10 0.00010240000119665638 1600
15 0.00010740000107034575 3600
20 0.00013750000107393134 6400
25 0.0008183999998436775 10000
50 0.0003925000000890577 40000
100 0.0009303000006184448 160000
200 0.0018744000008155126 640000
500 0.012161600001491024 4000000
1000 0.06207639999956882 16000000
2000 0.4554606999990938 64000000
5000 5.016829999998663 400000000
10000 30.862774700000955 1600000000
2 0.07177439999941271 64
5 0.00012480000077630393 400
10 0.00010879999899771065 1600
15 0.00011619999895629007 3600
20 0.00028170000041427556 6400
25 0.0007859999986976618 10000
50 0.00039370000013150275 40000
100 0.0008820000002742745 160000
200 0.0019076999997196253 640000
500 0.012493700000050012 4000000
1000 0.059907299999395036 16000000
2000 0.4523243999992701 64000000
5000 5.01653559999977 400000000
10000 30.88345010000012 1600000000
2 0.07101909999983036 64
5 0.0001112000009015901 400
10 9.929999941959977e-05 1600
15 0.00010730000030889641 3600
20 0.00013630000103148632 6400
25 0.00040330000047106296 10000
50 0.0003919000009773299 40000
100 0.00083710000035353 160000
200 0.0017271000015171012 640000
500 0.012173300001450116 4000000
1000 0.06739790000028734 16000000
2000 0.4268293999994057 64000000
5000 4.640262299999449 400000000
10000 32.69350479999957 1600000000
