2 0.00035970000044471817 64
5 0.0001596000001882203 400
10 0.00014769999961572466 1600
15 0.00018279999949299963 3600
20 0.00019410000004427275 6400
25 0.0001816000003600493 10000
50 0.000518299999384908 40000
100 0.0007917000002635177 160000
200 0.0013444000005620182 640000
500 0.009602799999811396 4000000
1000 0.07447880000017904 16000000
2000 0.8286196000008204 64000000
5000 15.113041100000373 400000000
10000 88.76324829999976 1600000000
2 0.11229020000064338 64
5 0.00018710000040300656 400
10 0.00016340000001946464 1600
15 0.00012849999984609894 3600
20 0.00011519999952724902 6400
25 0.00011310000081721228 10000
50 0.0004898000006505754 40000
100 0.0005787999998574378 160000
200 0.0013834000001224922 640000
500 0.009906100000080187 4000000
1000 0.0889140999997835 16000000
2000 0.8749520999999731 64000000
5000 14.184446800000842 400000000
10000 89.09756910000033 1600000000
2 0.10941950000051293 64
5 0.0004073999998581712 400
10 0.00023539999983768212 1600
15 0.00016430000050604576 3600
20 0.00023679999958403641 6400
25 0.000251399999797286 10000
50 0.0003327999993416597 40000
100 0.0005687000002581044 160000
200 0.0013486999996530358 640000
500 0.009507400000074995 4000000
1000 0.077630699999645 16000000
2000 0.8731671000005008 64000000
5000 14.481379800000468 400000000
10000 89.11721539999962 1600000000
2 0.1093989999999394 64
5 0.00048070000048028305 400
10 0.00013949999993201345 1600
15 0.00011069999982282752 3600
20 0.0005358999997042702 6400
25 0.0002912999998443411 10000
50 0.0003241000003981753 40000
100 0.00046579999980167486 160000
200 0.0012654000001930399 640000
500 0.009681000000455242 4000000
1000 0.07488199999988865 16000000
2000 0.885153100000025 64000000
5000 14.609852699999465 400000000
10000 87.68739410000035 1600000000
2 0.11801059999925201 64
5 0.0002210000002378365 400
10 0.00018730000010691583 1600
15 0.00012509999942267314 3600
20 0.00011050000011891825 6400
25 0.00012900000001536682 10000
50 0.0004430999997566687 40000
100 0.0005793999998786603 160000
200 0.0012592000002769055 640000
500 0.00939589999961754 4000000
1000 0.08203970000067784 16000000
2000 0.8909432999998899 64000000
5000 14.208710299999439 400000000
10000 89.17927839999993 1600000000
2 0.11305989999982557 64
5 0.00017599999955564272 400
10 0.00012289999995118706 1600
15 0.00012279999918973772 3600
20 0.00014030000056663994 6400
25 0.0001922999999806052 10000
50 0.0004944000002069515 40000
100 0.0006328999998004292 160000
200 0.0012294999996811384 640000
500 0.009559899999658228 4000000
1000 0.06811419999939972 16000000
2000 0.8885000999998738 64000000
5000 14.46353850000014 400000000
10000 88.30417979999947 1600000000
2 0.08991579999928945 64
5 0.00017010000010486692 400
10 0.00012799999967683107 1600
15 0.00010819999988598283 3600
20 0.00011020000056305435 6400
25 0.00015800000073795673 10000
50 0.0003786999996009399 40000
100 0.0006139999995866674 160000
200 0.0014393999999811058 640000
500 0.00796379999974306 4000000
1000 0.08247269999992568 16000000
2000 0.8351539000004777 64000000
5000 14.534431400000358 400000000
10000 87.24506530000053 1600000000
2 0.11805439999989176 64
5 0.00023490000057790894 400
10 0.00021829999968758784 1600
15 0.00018839999938791152 3600
20 0.0001511999998911051 6400
25 0.0001202000003104331 10000
50 0.0003524000003380934 40000
100 0.0005065999994258163 160000
200 0.001791400000001886 640000
500 0.0099209999998493 4000000
1000 0.07444909999958327 16000000
2000 0.8638373000003412 64000000
5000 15.528135100000327 400000000
10000 87.95825460000015 1600000000
2 0.12326840000059747 64
5 0.00017750000006344635 400
10 0.00010709999969549244 1600
15 0.00011250000079598976 3600
20 0.0005903999999645748 6400
25 0.00012090000018361025 10000
50 0.00029600000016216654 40000
100 0.0008128999998007203 160000
200 0.001313000000664033 640000
500 0.009294299999965006 4000000
1000 0.06942549999985204 16000000
2000 0.8658931999998458 64000000
5000 14.060662299999422 400000000
10000 88.77345560000049 1600000000
2 0.11758949999966717 64
5 0.0004208999998809304 400
10 0.0002279999998791027 1600
15 0.00015890000031504314 3600
20 0.0002837000001818524 6400
25 0.00024080000002868474 10000
50 0.0002711000006456743 40000
100 0.0004630999992514262 160000
200 0.0011068999992858153 640000
500 0.009038299999701849 4000000
1000 0.07920910000029835 16000000
2000 0.8914178999993965 64000000
5000 14.205832200000259 400000000
10000 87.84558489999927 1600000000
