2 9.870000212686136e-05 64
5 2.42000023717992e-05 400
10 4.410000110510737e-05 1600
15 2.220000169472769e-05 3600
20 5.880000026081689e-05 6400
25 0.00043369999912101775 10000
50 0.00020599999697878957 40000
100 0.0004043000008095987 160000
200 0.0007033000001683831 640000
500 0.004030600000987761 4000000
1000 0.02454089999810094 16000000
2000 0.1567310999998881 64000000
5000 2.782885600001464 400000000
10000 17.797745399999258 1600000000
2 0.053747899997688364 64
5 0.0001143000008596573 400
10 8.760000127949752e-05 1600
15 8.410000009462237e-05 3600
20 9.709999721962959e-05 6400
25 9.990000035031699e-05 10000
50 0.00021829999968758784 40000
100 0.0003867999985232018 160000
200 0.0005606999984593131 640000
500 0.004196300000330666 4000000
1000 0.02628289999847766 16000000
2000 0.1810674000007566 64000000
5000 2.3820651000023645 400000000
10000 18.984809100002167 1600000000
2 0.05688860000009299 64
5 6.179999763844535e-05 400
10 2.840000161086209e-05 1600
15 2.4000000848900527e-05 3600
20 4.319999789004214e-05 6400
25 4.260000059730373e-05 10000
50 0.0001965000010386575 40000
100 0.00043539999751374125 160000
200 0.0007065000027068891 640000
500 0.003982700000051409 4000000
1000 0.025348300001496682 16000000
2000 0.20462370000313967 64000000
5000 2.998621299997467 400000000
10000 18.45003480000014 1600000000
2 0.060028699997928925 64
5 0.00011820000145235099 400
10 8.779999916441739e-05 1600
15 8.430000161752105e-05 3600
20 9.859999772743322e-05 6400
25 0.00010650000331224874 10000
50 0.000219899997318862 40000
100 0.0003802999999606982 160000
200 0.0006270000012591481 640000
500 0.0034855000012612436 4000000
1000 0.027418199999374337 16000000
2000 0.19742990000304417 64000000
5000 2.6491462999983924 400000000
10000 19.042905400001473 1600000000
2 0.05150109999885899 64
5 0.0002902000014728401 400
10 9.820000195759349e-05 1600
15 8.70000003487803e-05 3600
20 9.73999995039776e-05 6400
25 9.820000195759349e-05 10000
50 0.0002096999996865634 40000
100 0.0003664999967440963 160000
200 0.0005552000002353452 640000
500 0.004034099998534657 4000000
1000 0.025231999999959953 16000000
2000 0.1967735999969591 64000000
5000 2.6451407999993535 400000000
10000 19.14708729999984 1600000000
2 0.059689699999580625 64
5 0.00011349999840604141 400
10 8.600000001024455e-05 1600
15 7.819999882485718e-05 3600
20 8.739999975659885e-05 6400
25 0.00012070000229869038 10000
50 0.00024020000273594633 40000
100 0.0004272999976819847 160000
200 0.0008683000014571007 640000
500 0.004441100001713494 4000000
1000 0.028355099999316735 16000000
2000 0.19961079999848153 64000000
5000 2.448890099996788 400000000
10000 18.260902800000622 1600000000
2 0.05249510000066948 64
5 0.00017840000145952217 400
10 0.00011220000305911526 1600
15 7.790000017848797e-05 3600
20 8.089999755611643e-05 6400
25 7.819999882485718e-05 10000
50 0.00021489999926416203 40000
100 0.0004155999995418824 160000
200 0.0005543000006582588 640000
500 0.004194599998299964 4000000
1000 0.025278299999627052 16000000
2000 0.2277871000005689 64000000
5000 2.8052280000010796 400000000
10000 17.880197899998166 1600000000
2 0.05138009999791393 64
5 6.0999998822808266e-05 400
10 3.529999958118424e-05 1600
15 2.600000152597204e-05 3600
20 4.4699998397845775e-05 6400
25 4.3799998820759356e-05 10000
50 0.0004181000003882218 40000
100 0.00029970000105095096 160000
200 0.0006192000000737607 640000
500 0.004004899998108158 4000000
1000 0.02561940000305185 16000000
2000 0.18772319999698084 64000000
5000 2.607052899998962 400000000
00 107.55000959999961 1600000000
2 0.09760470000037458 64
5 0.0001621999981580302 400
10 9.929999941959977e-05 1600
15 0.00012250000145286322 3600
20 0.00013249999756226316 6400
25 0.00011469999662949704 10000
50 0.0004535000007308554 40000
100 0.0006278999971982557 160000
200 0.0012959000014234334 640000
500 0.009127699999226024 4000000
1000 0.06527310000092257 16000000
2000 0.7862693999995827 64000000
5000 13.85926599999948 400000000
10000 107.71903609999936 1600000000
2 0.1022134000013466 64
5 0.0001311999985773582 400
10 0.00044039999920642003 1600
15 0.00011060000178986229 3600
20 0.00012029999925289303 6400
25 0.00046160000056261197 10000
50 0.0004757000024255831 40000
100 0.0005457999977807049 160000
200 0.001344799999060342 640000
500 0.009227300000929972 4000000
1000 0.07398580000153743 16000000
2000 0.7545603999969899 64000000
5000 13.855636899999809 400000000
10000 113.11047170000165 1600000000
