2 0.00035120000029564835 64
5 7.14999987394549e-05 400
10 6.08000009378884e-05 1600
15 0.00023300000066228677 3600
20 0.00013760000001639128 6400
25 0.00013810000018565916 10000
50 0.0006772999986424111 40000
100 0.0009337999999843305 160000
200 0.00217270000030112 640000
500 0.009947500000635046 4000000
1000 0.0747572999989643 16000000
2000 0.8177713999994012 64000000
5000 14.988806999999724 400000000
10000 111.03632239999934 1600000000
2 0.10018750000017462 64
5 0.00012070000047970098 400
10 6.129999928816687e-05 1600
15 9.929999941959977e-05 3600
20 0.00013939999917056412 6400
25 0.00014569999984814785 10000
50 0.00044519999937620014 40000
100 0.0005782999996881699 160000
200 0.0013441000010061543 640000
500 0.008249099999375176 4000000
1000 0.07603769999877841 16000000
2000 0.8839657000007719 64000000
5000 14.695211199999903 400000000
10000 111.94714899999963 1600000000
2 0.09833330000037677 64
5 0.00017309999930148479 400
10 0.00011330000052112155 1600
15 0.00011079999967478216 3600
20 0.0005522999999811873 6400
25 0.0001109000004362315 10000
50 0.00040099999932863284 40000
100 0.0004714999995485414 160000
200 0.0011353999998391373 640000
500 0.008176699999239645 4000000
1000 0.07227969999985362 16000000
2000 0.7942892999999458 64000000
5000 14.543196099999477 400000000
10000 111.78937939999923 1600000000
2 0.09967809999943711 64
5 0.00018450000061420724 400
10 0.00011350000022503082 1600
15 8.009999874047935e-05 3600
20 0.00013649999891640618 6400
25 0.00011860000086016953 10000
50 0.0004810999998881016 40000
100 0.0007018999986030394 160000
200 0.0013457999993988778 640000
500 0.009432099999685306 4000000
1000 0.08113790000061272 16000000
2000 0.9880381000002671 64000000
5000 14.83568699999887 400000000
10000 109.90171800000098 1600000000
2 0.1079053000012209 64
5 0.00012349999997240957 400
10 6.270000085351057e-05 1600
15 6.070000017643906e-05 3600
20 7.469999945897143e-05 6400
25 0.00014969999938330147 10000
50 0.0005985000007058261 40000
100 0.0005449000000226079 160000
200 0.001267300000108662 640000
500 0.010339500000554835 4000000
1000 0.08370970000032685 16000000
2000 1.053672899999583 64000000
5000 14.682402099999308 400000000
10000 111.27414219999991 1600000000
2 0.11048230000051262 64
5 0.00018190000082540791 400
10 0.00013130000115779694 1600
15 0.00012740000056510326 3600
20 0.0006876999996165978 6400
25 0.0002536000010877615 10000
50 0.0003178999995725462 40000
100 0.000501500000609667 160000
200 0.0012221000015415484 640000
500 0.008075199999439064 4000000
1000 0.06855550000000221 16000000
2000 0.8799111999996967 64000000
5000 14.579782899998463 400000000
10000 110.56923629999983 1600000000
2 0.09738849999848753 64
5 0.00011819999963336159 400
10 7.510000068577938e-05 1600
15 7.379999988188501e-05 3600
20 7.670000013604295e-05 6400
25 8.060000072873663e-05 10000
50 0.00038499999936902896 40000
100 0.0005303999987518182 160000
200 0.0012537000002339482 640000
500 0.00788029999966966 4000000
1000 0.07233400000041001 16000000
2000 0.8060480000003736 64000000
5000 14.158300600000075 400000000
10000 111.8022400000009 1600000000
2 0.0968388999990566 64
5 0.00017610000031709205 400
10 0.00015919999896141235 1600
15 0.0001536999989184551 3600
20 0.0003936000011890428 6400
25 0.00016519999917363748 10000
50 0.0002828999986377312 40000
100 0.00048409999908471946 160000
200 0.0011377999999240274 640000
500 0.009024900000440539 4000000
1000 0.0667646000001696 16000000
2000 0.8439687999998569 64000000
5000 14.105004200000621 400000000
10000 110.38071800000034 1600000000
2 0.10879019999993034 64
5 0.0001314999990427168 400
10 6.149999899207614e-05 1600
15 5.990000136080198e-05 3600
20 8.329999945999589e-05 6400
25 0.00042839999878196977 10000
50 0.00029379999978118576 40000
100 0.0005433999995148042 160000
200 0.0014040999994904269 640000
500 0.00894979999975476 4000000
1000 0.07043510000039532 16000000
2000 0.8767807999993238 64000000
5000 14.318235199998526 400000000
10000 112.3234496999994 1600000000
2 0.09879080000064278 64
5 0.00018079999972542282 400
10 0.00012339999921096023 1600
15 0.00011549999908311293 3600
20 0.0001360000005661277 6400
25 0.00011319999975967221 10000
50 0.0004389000005176058 40000
100 0.0006563000006281072 160000
200 0.001138100000389386 640000
500 0.007899399999587331 4000000
1000 0.07492129999991448 16000000
2000 0.854649499999141 64000000
5000 14.153315200001089 400000000
10000 114.32505289999972 1600000000
