2 0.00032980000014504185 64
5 0.001266100000066217 400
10 0.0002299999996466795 1600
15 0.00015619999976479448 3600
20 0.0002524999999877764 6400
25 0.0001289000001634122 10000
50 0.0005445000006147893 40000
100 0.0005605999995168531 160000
200 0.0014387999999598833 640000
500 0.009158500000012282 4000000
1000 0.07611550000001444 16000000
2000 0.8000715999996828 64000000
5000 15.221447700000681 400000000
10000 109.71873219999998 1600000000
2 0.10521460000018124 64
5 0.00028669999937847024 400
10 0.00020419999964360613 1600
15 8.160000015777769e-05 3600
20 0.00017139999999926658 6400
25 0.00011160000030940864 10000
50 0.0002718999994613114 40000
100 0.000588600000810402 160000
200 0.0014381000000867061 640000
500 0.01072669999939535 4000000
1000 0.0907747000001109 16000000
2000 1.0115742999996655 64000000
5000 14.515874600000643 400000000
10000 110.62881970000035 1600000000
2 0.11270460000014282 64
5 0.00019460000021354062 400
10 0.00012830000014218967 1600
15 7.929999992484227e-05 3600
20 0.0001326000001427019 6400
25 0.00011949999952776125 10000
50 0.00044890000026498456 40000
100 0.0006965000002310262 160000
200 0.0013227999997980078 640000
500 0.009373799999593757 4000000
1000 0.08114579999983107 16000000
2000 0.8954186999999365 64000000
5000 14.341328299999986 400000000
10000 110.30891489999976 1600000000
2 0.09580350000032922 64
5 0.00017440000010537915 400
10 0.00012740000056510326 1600
15 0.00012309999965509633 3600
20 0.0006212999996932922 6400
25 0.00023239999973156955 10000
50 0.00033209999946848257 40000
100 0.000865699999849312 160000
200 0.0013310999993336736 640000
500 0.01016669999989972 4000000
1000 0.07181649999984074 16000000
2000 0.8655014999994819 64000000
5000 14.460004300000037 400000000
10000 112.25107920000028 1600000000
2 0.051727399999435875 64
5 0.00019020000036107376 400
10 0.00010970000039378647 1600
15 0.00012309999965509633 3600
20 0.00018970000019180588 6400
25 0.00028019999990647193 10000
50 0.0004434000002220273 40000
100 0.0006521999994220096 160000
200 0.0016787999993539415 640000
500 0.009796200000891986 4000000
1000 0.08211959999971441 16000000
2000 0.8196266999993895 64000000
5000 14.06526539999959 400000000
10000 109.51798940000026 1600000000
2 0.09650160000001051 64
5 0.00017159999970317585 400
10 0.0001314999999522115 1600
15 0.0001247000000148546 3600
20 0.00017939999997906853 6400
25 0.00011859999995067483 10000
50 0.00043170000026293565 40000
100 0.0006097000004956499 160000
200 0.0012213999998493819 640000
500 0.009764000000359374 4000000
1000 0.07454320000033476 16000000
2000 0.8066984000006414 64000000
5000 14.078083000000333 400000000
10000 108.94102329999987 1600000000
2 0.10129120000055991 64
5 0.00017389999993611127 400
10 0.00011279999944235897 1600
15 0.00011030000041500898 3600
20 0.00018120000004273606 6400
25 0.00012200000037410064 10000
50 0.0004152999999860185 40000
100 0.000601499999902444 160000
200 0.001215500000398606 640000
500 0.007881200000156241 4000000
1000 0.07020279999960621 16000000
2000 0.8540605999996842 64000000
5000 14.255883299999368 400000000
10000 112.53482559999975 1600000000
2 0.09867630000007921 64
5 0.00012030000016238773 400
10 5.809999947814504e-05 1600
15 9.239999963028822e-05 3600
20 0.0002243999997517676 6400
25 0.00014149999969959026 10000
50 0.0002532999997129082 40000
100 0.0004972999995516147 160000
200 0.0011363000003257184 640000
500 0.009397699999681208 4000000
1000 0.06839530000070226 16000000
2000 0.8515683999994508 64000000
5000 14.407396300000073 400000000
10000 113.04429689999961 1600000000
2 0.10425169999962236 64
5 0.00012580000020534499 400
10 5.890000011277152e-05 1600
15 5.760000021837186e-05 3600
20 7.559999994555255e-05 6400
25 0.00047590000031050295 10000
50 0.0003052000001844135 40000
100 0.0005026999997426174 160000
200 0.0012225000000398722 640000
500 0.009525200000098266 4000000
1000 0.08725700000013603 16000000
2000 0.9198775000004389 64000000
5000 14.340710800000124 400000000
10000 112.26244750000023 1600000000
2 0.10385429999951157 64
5 0.00012040000001434237 400
10 5.809999947814504e-05 1600
15 6.149999990157085e-05 3600
20 7.31999998606625e-05 6400
25 0.0004833000002690824 10000
50 0.00027629999931377824 40000
100 0.0004865000000791042 160000
200 0.0012500000002546585 640000
500 0.008855000000039581 4000000
1000 0.06269350000002305 16000000
2000 0.8637324999999691 64000000
5000 14.679295800000546 400000000
10000 113.17631449999953 1600000000
