2 0.0034931999998661922 64
5 0.0002533000001676555 400
10 0.00015570000005027396 1600
15 0.00015430000007654598 3600
20 0.00015659999985473405 6400
25 0.00015969999981280125 10000
50 0.0004722999999557942 40000
100 0.00047900000004119647 160000
200 0.00107150000008005 640000
500 0.0073244999998678395 4000000
1000 0.039321500000141896 16000000
2000 0.2790168999999878 64000000
5000 3.8540964000001168 400000000
10000 22.3462970999999 1600000000
2 0.05683699999985947 64
5 0.0002566999999089603 400
10 0.0001914000001761451 1600
15 0.00018640000007508206 3600
20 0.00019090000000687724 6400
25 0.00015129999997043342 10000
50 0.0002775000000383443 40000
100 0.0004638999998860527 160000
200 0.001046899999892048 640000
500 0.007545299999947019 4000000
1000 0.04247520000012628 16000000
2000 0.3052638999999999 64000000
5000 3.364216400000032 400000000
10000 24.614155299999993 1600000000
2 0.06109870000000228 64
5 0.00020399999993969686 400
10 0.0001887000000806438 1600
15 0.00018490000002202578 3600
20 0.00020649999987654155 6400
25 0.00022209999997357954 10000
50 0.0003211999999166437 40000
100 0.0004595000000335858 160000
200 0.0009634000000460219 640000
500 0.0066646999998738465 4000000
1000 0.04403580000007423 16000000
2000 0.330521299999873 64000000
5000 3.6016021000000364 400000000
10000 23.403222599999935 1600000000
2 0.05579059999990932 64
5 0.0001243000001522887 400
10 0.00017180000008920615 1600
15 0.0001443999999537482 3600
20 0.00015590000020893058 6400
25 0.00012000000015177648 10000
50 0.00026939999997921404 40000
100 0.0005103000000872271 160000
200 0.0010391999999228574 640000
500 0.007261199999902601 4000000
1000 0.04401499999994485 16000000
2000 0.3065785000001142 64000000
5000 3.6355857999999444 400000000
10000 23.354078500000014 1600000000
2 0.062369600000010905 64
5 0.0001803000000109023 400
10 0.0001995000000079017 1600
15 0.00019050000014431134 3600
20 0.00020560000007208146 6400
25 0.0001532999999653839 10000
50 0.0003356999998231913 40000
100 0.0004984000001968525 160000
200 0.0010649000000739761 640000
500 0.008067399999845293 4000000
1000 0.04251810000005207 16000000
2000 0.3173460000000432 64000000
5000 3.606485199999952 400000000
10000 23.112491200000022 1600000000
2 0.05565569999998843 64
5 0.0001638000001094042 400
10 0.00022160000003168534 1600
15 0.00018410000006952032 3600
20 0.00023000000010142685 6400
25 0.00016919999984565948 10000
50 0.00029589999985546456 40000
100 0.00046429999997599225 160000
200 0.001062699999920369 640000
500 0.007904700000153753 4000000
1000 0.04502790000015011 16000000
2000 0.30644059999985984 64000000
5000 3.262574900000118 400000000
10000 23.579438999999866 1600000000
2 0.06606669999996484 64
5 0.00026009999987763877 400
10 0.00029380000000855944 1600
15 0.0001783000000159518 3600
20 0.00020339999991847435 6400
25 0.0002028000001246255 10000
50 0.0003675000000384898 40000
100 0.0004909000001589447 160000
200 0.0011037000001579145 640000
500 0.008479100000158724 4000000
1000 0.05173160000003918 16000000
2000 0.3267418999998881 64000000
5000 3.8064084000000094 400000000
10000 25.21189289999984 1600000000
2 0.05729380000002493 64
5 0.00016700000014679972 400
10 0.000146500000028027 1600
15 0.00014690000011796656 3600
20 0.00015619999999216816 6400
25 0.0001599999998234125 10000
50 0.00036179999983687594 40000
100 0.00047160000008261704 160000
200 0.001011800000014773 640000
500 0.0075629999998909625 4000000
1000 0.04310269999996308 16000000
2000 0.3174690000000737 64000000
5000 3.4856620999998995 400000000
10000 23.073532200000045 1600000000
2 0.052300800000011805 64
5 0.00024039999993874517 400
10 0.00020360000007713097 1600
15 0.00019369999995433318 3600
20 0.00020689999996648112 6400
25 0.00021760000004178437 10000
50 0.00038359999985004833 40000
100 0.00045799999998052954 160000
200 0.0009340999999949418 640000
500 0.007474399999864545 4000000
1000 0.03899849999993421 16000000
2000 0.3196931999998469 64000000
5000 3.8412379999999757 400000000
10000 23.98601090000011 1600000000
2 0.053642800000034185 64
5 0.00011569999992389057 400
10 0.00022530000001097505 1600
15 0.0001253000000360771 3600
20 0.00020760000006703194 6400
25 0.00015459999985978357 10000
50 0.0002879000001030363 40000
100 0.0004605000001447479 160000
200 0.0010073999999349326 640000
500 0.007807700000057594 4000000
1000 0.045699599999807106 16000000
2000 0.30846550000001116 64000000
5000 3.465133200000082 400000000
10000 23.66397630000006 1600000000
