2 0.0007382000001143751 64
5 4.069999999956053e-05 400
10 3.0299999934868538e-05 1600
15 3.9299999798458884e-05 3600
20 5.239999995865219e-05 6400
25 4.979999994247919e-05 10000
50 0.00027219999992667 40000
100 0.00042030000008708157 160000
200 0.0007706999999754771 640000
500 0.004115299999966737 4000000
1000 0.02561140000011619 16000000
2000 0.17184369999995397 64000000
5000 2.6054871999999705 400000000
10000 15.829578399999946 1600000000
2 0.05097450000016579 64
5 0.00010160000010728254 400
10 7.149999987632327e-05 1600
15 6.60000000607397e-05 3600
20 7.450000020980951e-05 6400
25 5.0999999984924216e-05 10000
50 0.00017920000004778558 40000
100 0.0004039000000375381 160000
200 0.000655800000004092 640000
500 0.0041180000000622385 4000000
1000 0.025445600000011837 16000000
2000 0.160314999999855 64000000
5000 2.1920562000000245 400000000
10000 17.310377199999948 1600000000
2 0.06133070000009866 64
5 0.0001138000000082684 400
10 8.440000010523363e-05 1600
15 0.00010929999984909955 3600
20 0.00011089999998148414 6400
25 0.00011150000000270666 10000
50 0.0002168000000892789 40000
100 0.00042839999991883815 160000
200 0.0007350999999289343 640000
500 0.005331300000079864 4000000
1000 0.03219899999999143 16000000
2000 0.1966638999999759 64000000
5000 2.547196399999848 400000000
10000 16.516510099999778 1600000000
2 0.053076800000098956 64
5 0.000133499999947162 400
10 0.000168500000199856 1600
15 0.0001548000000184402 3600
20 0.00016550000009374344 6400
25 0.0001225999999405758 10000
50 0.0001491000000442 40000
100 0.0002853000000868633 160000
200 0.0006190999999944324 640000
500 0.004241200000024037 4000000
1000 0.027686099999982616 16000000
2000 0.19432819999997264 64000000
5000 2.3773837999999614 400000000
10000 16.32437640000012 1600000000
2 0.06020100000000639 64
5 0.00012010000000373111 400
10 9.030000001075678e-05 1600
15 8.980000006886257e-05 3600
20 0.00010329999986424809 6400
25 0.00010470000006534974 10000
50 0.00022719999992659723 40000
100 0.0004452999999102758 160000
200 0.0006270999999742344 640000
500 0.004109599999992497 4000000
1000 0.028848100000004706 16000000
2000 0.1931923999998162 64000000
5000 2.300989899999877 400000000
10000 16.30619620000016 1600000000
2 0.05511130000013509 64
5 0.00015979999989212956 400
10 0.00011989999984507449 1600
15 9.169999998448475e-05 3600
20 9.15000000532018e-05 6400
25 0.0001194999999825086 10000
50 0.00024119999989125063 40000
100 0.00045189999991634977 160000
200 0.0006665999999313499 640000
500 0.004456799999843497 4000000
1000 0.027171800000132862 16000000
2000 0.18715940000015507 64000000
5000 2.757753900000125 400000000
10000 16.02108199999998 1600000000
2 0.05342479999990246 64
5 0.00018879999993259844 400
10 0.00018479999994269747 1600
15 0.00011309999990771757 3600
20 0.00010750000001280569 6400
25 0.00010619999989103235 10000
50 0.00031740000008539937 40000
100 0.00030119999996713887 160000
200 0.0006937000000561966 640000
500 0.004015299999991839 4000000
1000 0.02796089999992546 16000000
2000 0.19277519999991455 64000000
5000 2.3834079000000656 400000000
10000 16.522822299999916 1600000000
2 0.052733499999931155 64
5 0.00011450000010881922 400
10 8.180000008906063e-05 1600
15 7.74000000092201e-05 3600
20 0.00010899999983848829 6400
25 0.00010499999984858732 10000
50 0.00022310000008474162 40000
100 0.00040190000004258764 160000
200 0.0005965999998807092 640000
500 0.004247299999860843 4000000
1000 0.02589100000000144 16000000
2000 0.18688939999992726 64000000
5000 2.3645453999999972 400000000
10000 16.357431000000133 1600000000
2 0.05008659999998599 64
5 0.00019659999998111743 400
10 0.00016239999990830256 1600
15 0.00011369999992894009 3600
20 0.00010940000015580154 6400
25 0.00010849999989659409 10000
50 0.0002279999998791027 40000
100 0.0003376999998181418 160000
200 0.000636199999917153 640000
500 0.004067200000008597 4000000
1000 0.022348700000065946 16000000
2000 0.19366170000012062 64000000
5000 2.372374300000047 400000000
10000 16.63693289999992 1600000000
2 0.057933599999842045 64
5 0.00012130000004617614 400
10 9.399999999004649e-05 1600
15 9.180000006381306e-05 3600
20 0.00010369999995418766 6400
25 0.00010640000004968897 10000
50 0.00022769999986849143 40000
100 0.0004016000000319764 160000
200 0.0006376999999702093 640000
500 0.0041206000000784115 4000000
1000 0.028188000000000102 16000000
2000 0.19841070000006766 64000000
5000 2.3742357999999513 400000000
10000 16.416140499999983 1600000000
