2 0.0004681999998865649 64
5 0.00017489999981989968 400
10 0.000204800000119576 1600
15 0.0002395999999862397 3600
20 0.0003635000002759625 6400
25 0.0003324999997857958 10000
50 0.00048680000008971547 40000
100 0.0004917000001114502 160000
200 0.00110389999963445 640000
500 0.006867499999771098 4000000
1000 0.04304359999969165 16000000
2000 0.28796629999988 64000000
5000 3.9398126000000957 400000000
10000 22.695485499999904 1600000000
2 0.060042499999781285 64
5 0.00024100000018734136 400
10 0.00019010000005437178 1600
15 0.00018640000007508206 3600
20 0.0002019999997173727 6400
25 0.00021340000012060045 10000
50 0.00034230000028401264 40000
100 0.00039910000032250537 160000
200 0.000975899999957619 640000
500 0.008019200000035198 4000000
1000 0.04699190000019371 16000000
2000 0.3153767000003427 64000000
5000 3.7440450000003693 400000000
10000 23.748599300000024 1600000000
2 0.05228709999983039 64
5 0.00013140000010025688 400
10 0.00019850000035148696 1600
15 0.00015380000013465178 3600
20 0.00021120000019436702 6400
25 0.00018469999986336916 10000
50 0.0002457000000504195 40000
100 0.00048779999997350387 160000
200 0.0009580999999343476 640000
500 0.007352600000103848 4000000
1000 0.0435605000002397 16000000
2000 0.31227099999978236 64000000
5000 3.619483399999808 400000000
10000 23.72516080000014 1600000000
2 0.05040660000031494 64
5 0.0004091000000698841 400
10 0.0003689999998641724 1600
15 0.00038290000020424486 3600
20 0.0002731000004132511 6400
25 0.00016649999997753184 10000
50 0.00026190000016868 40000
100 0.00045379999983197195 160000
200 0.0009670999997979379 640000
500 0.007650399999874935 4000000
1000 0.04359230000000025 16000000
2000 0.299308099999962 64000000
5000 3.5731830000004265 400000000
10000 22.83927769999991 1600000000
2 0.04990829999997004 64
5 0.00015350000012404053 400
10 0.00020479999966482865 1600
15 0.0001922999999806052 3600
20 0.00020529999983409652 6400
25 0.0001523000000815955 10000
50 0.0002785000001495064 40000
100 0.0004658000002564222 160000
200 0.00102100000003702 640000
500 0.007371100000000297 4000000
1000 0.04544710000027408 16000000
2000 0.3165823999997883 64000000
5000 3.9535874000002877 400000000
10000 24.50829419999991 1600000000
2 0.053488000000015745 64
5 0.00010609999981170404 400
10 0.0001832999996622675 1600
15 0.0003662999997686711 3600
20 0.0002260999999634805 6400
25 0.00016770000001997687 10000
50 0.00023699999974269303 40000
100 0.00044570000000021537 160000
200 0.0010098000002471963 640000
500 0.006713799999943149 4000000
1000 0.04232320000028267 16000000
2000 0.3077855000001364 64000000
5000 3.4332179000002725 400000000
10000 23.060412199999973 1600000000
2 0.051882300000215764 64
5 0.00014729999975315877 400
10 0.0002230000000054133 1600
15 0.0001833999999689695 3600
20 0.0001998999996430939 6400
25 0.00021500000002561137 10000
50 0.0003171000003021618 40000
100 0.00045610000006490736 160000
200 0.001122299999678944 640000
500 0.0074773999999706575 4000000
1000 0.038923999999951775 16000000
2000 0.3054274000000987 64000000
5000 3.42926529999977 400000000
10000 23.96908510000003 1600000000
2 0.05326500000001033 64
5 7.750000031592208e-05 400
10 0.00032000000010157237 1600
15 0.0003820000001724111 3600
20 0.0002378999997745268 6400
25 0.0001656999997976527 10000
50 0.00025879999975586543 40000
100 0.0004543000000012398 160000
200 0.0009687000001576962 640000
500 0.007591300000058254 4000000
1000 0.0439144000001761 16000000
2000 0.30871879999995144 64000000
5000 3.523513499999808 400000000
10000 23.164470200000324 1600000000
2 0.052665000000160944 64
5 0.00015709999979662825 400
10 0.000141299999995681 1600
15 9.490000002188026e-05 3600
20 0.00014689999989059288 6400
25 0.00011580000000321888 10000
50 0.0002494999998816638 40000
100 0.00045009999985268223 160000
200 0.0009691999998722167 640000
500 0.007638699999915843 4000000
1000 0.04571729999997842 16000000
2000 0.3149948000000222 64000000
5000 3.4518502999999328 400000000
10000 24.5617115 1600000000
2 0.05075059999990117 64
5 0.0001449999999749707 400
10 0.00022059999992052326 1600
15 0.00018520000003263704 3600
20 0.00019960000008723 6400
25 0.00021010000000387663 10000
50 0.00028040000006512855 40000
100 0.0004426999998941028 160000
200 0.0010106999998242827 640000
500 0.0077247999997780425 4000000
1000 0.04295619999993505 16000000
2000 0.3129914999999528 64000000
5000 3.4637782000004336 400000000
10000 22.44080320000012 1600000000
