2 0.00030779999997321283 64
5 6.0399999711080454e-05 400
10 0.00012760000026901253 1600
15 0.0001281000004382804 3600
20 0.000130899999930989 6400
25 0.00014079999982641311 10000
50 0.0005209999999351567 40000
100 0.0006148000002212939 160000
200 0.001341099999990547 640000
500 0.008750699999836797 4000000
1000 0.07689360000040324 16000000
2000 0.7313808999997491 64000000
5000 14.230772299999444 400000000
10000 105.92527090000021 1600000000
2 0.09987360000013723 64
5 0.00016039999991335208 400
10 9.74000004134723e-05 1600
15 9.929999941959977e-05 3600
20 0.0002563999996709754 6400
25 0.00012179999976069666 10000
50 0.0002990000002682791 40000
100 0.0005636000005324604 160000
200 0.0011300999995000893 640000
500 0.007459700000254088 4000000
1000 0.07058729999971547 16000000
2000 0.805881500000396 64000000
5000 13.8198883999994 400000000
10000 107.15498279999974 1600000000
2 0.09564700000009907 64
5 0.00010459999975864775 400
10 0.00010399999973742524 1600
15 0.00011809999978140695 3600
20 0.0005989999999655993 6400
25 0.00018759999966277974 10000
50 0.00045729999965260504 40000
100 0.0005574999995587859 160000
200 0.001354199999695993 640000
500 0.009295599999859405 4000000
1000 0.07084959999974672 16000000
2000 0.8068295000002763 64000000
5000 14.064910400000372 400000000
10000 107.85658250000051 1600000000
2 0.09326789999977336 64
5 0.00016210000012506498 400
10 0.00011619999986578478 1600
15 0.00011790000007749768 3600
20 0.0004704000002675457 6400
25 0.00015519999942625873 10000
50 0.0003152999997837469 40000
100 0.0005677999997715233 160000
200 0.0012790999999197084 640000
500 0.00782359999993787 4000000
1000 0.07202980000056414 16000000
2000 0.8349562999992486 64000000
5000 13.848848100000396 400000000
10000 106.09547010000006 1600000000
2 0.10398170000007667 64
5 0.00016089999917312525 400
10 8.309999975608662e-05 1600
15 0.00011839999933727086 3600
20 0.0007132000000638072 6400
25 0.00012229999992996454 10000
50 0.0003073999996558996 40000
100 0.0005105999998704647 160000
200 0.0011961000000155764 640000
500 0.007575399999950605 4000000
1000 0.06825459999981831 16000000
2000 0.7973188000005393 64000000
5000 13.576717599999938 400000000
10000 106.03794670000025 1600000000
2 0.09874949999993987 64
5 0.00016830000004119938 400
10 9.490000047662761e-05 1600
15 0.00011650000033114338 3600
20 0.00011970000014116522 6400
25 0.00010289999954693485 10000
50 0.0004194000002826215 40000
100 0.0005909000001338427 160000
200 0.0012269999997442937 640000
500 0.008800400000836817 4000000
1000 0.059820700000273064 16000000
2000 0.8001948999999513 64000000
5000 13.767348299999867 400000000
10000 105.7253840000003 1600000000
2 0.10148730000037176 64
5 0.0003192000003764406 400
10 0.00020569999924191507 1600
15 0.00021089999972900841 3600
20 0.00016659999982948648 6400
25 0.00019070000053034164 10000
50 0.00043729999924835283 40000
100 0.0004869999993388774 160000
200 0.0011598000000958564 640000
500 0.0073698999995031045 4000000
1000 0.06272600000011153 16000000
2000 0.7116495999998733 64000000
5000 13.822085699999661 400000000
10000 106.25746580000032 1600000000
2 0.10122660000070027 64
5 0.0002444000001560198 400
10 9.440000030735973e-05 1600
15 8.269999943877338e-05 3600
20 0.00019220000012865057 6400
25 0.00012030000016238773 10000
50 0.000410800000281597 40000
100 0.0005798000001959736 160000
200 0.0011591000002226792 640000
500 0.007447400000273774 4000000
1000 0.06626860000051238 16000000
2000 0.7152627000004941 64000000
5000 14.03478610000002 400000000
10000 105.64068250000037 1600000000
2 0.10106269999960205 64
5 0.00010649999967426993 400
10 5.0099999498343095e-05 1600
15 0.0005204999997658888 3600
20 0.0003538999999364023 6400
25 0.00018869999985327013 10000
50 0.00030419999984587776 40000
100 0.0005058999995526392 160000
200 0.001209500000186381 640000
500 0.008168399999703979 4000000
1000 0.06657090000044263 16000000
2000 0.8003183999999237 64000000
5000 13.793911099999605 400000000
10000 105.89957690000028 1600000000
2 0.10283689999960188 64
5 0.00015670000084355706 400
10 9.499999941908754e-05 1600
15 0.00010440000005473848 3600
20 0.00012210000022605527 6400
25 0.00010480000037205173 10000
50 0.000383700000384124 40000
100 0.0005989999999655993 160000
200 0.001249100000677572 640000
500 0.007472899999811489 4000000
1000 0.061500400000113586 16000000
2000 0.820284499999616 64000000
5000 14.01070940000045 400000000
10000 104.91753359999984 1600000000
