2 0.00038290000020424486 64
5 0.00023199999986900366 400
10 0.00019840000004478497 1600
15 0.00018390000013823737 3600
20 0.00023469999996450497 6400
25 0.0001173999999082298 10000
50 0.0003176000000166823 40000
100 0.0004997999999432068 160000
200 0.001157100000000355 640000
500 0.007648000000244792 4000000
1000 0.04333479999968404 16000000
2000 0.30026150000003327 64000000
5000 4.30233700000008 400000000
10000 22.86077669999986 1600000000
2 0.04915789999995468 64
5 0.00015809999968041666 400
10 0.00022519999993164674 1600
15 0.000187899999673391 3600
20 0.00020219999987602932 6400
25 0.00021569999989878852 10000
50 0.00027800000043498585 40000
100 0.00044549999984155875 160000
200 0.000940800000080344 640000
500 0.0068774999999732245 4000000
1000 0.04468780000024708 16000000
2000 0.31098119999978735 64000000
5000 3.467994799999815 400000000
10000 23.068438400000105 1600000000
2 0.04919049999989511 64
5 0.0002818999996634375 400
10 0.0002051999999821419 1600
15 0.00018989999989571515 3600
20 0.00020489999997153063 6400
25 0.00021570000035353587 10000
50 0.00035859999979948043 40000
100 0.00044580000030691735 160000
200 0.0009928999998010113 640000
500 0.0068642999999610765 4000000
1000 0.045034100000066246 16000000
2000 0.30529999999998836 64000000
5000 3.394449099999747 400000000
10000 24.84408119999989 1600000000
2 0.05165800000031595 64
5 0.0002310999998371699 400
10 0.000130799999624287 1600
15 0.0001253000000360771 3600
20 0.0002484000001459208 6400
25 0.00021630000037475838 10000
50 0.00032129999999597203 40000
100 0.0004488999998102372 160000
200 0.0009847999999692547 640000
500 0.007822399999895424 4000000
1000 0.048653599999852304 16000000
2000 0.3102506000000176 64000000
5000 3.5643363999997746 400000000
10000 23.45531280000023 1600000000
2 0.04923959999996441 64
5 0.00036249999993742676 400
10 0.00026989999969373457 1600
15 0.00036550000004353933 3600
20 0.0002802000003612193 6400
25 0.00016930000037973514 10000
50 0.00025539999978718697 40000
100 0.0004550000003291643 160000
200 0.0010219999999208085 640000
500 0.007842100000289065 4000000
1000 0.04607919999989463 16000000
2000 0.31601950000003853 64000000
5000 3.3170616000002155 400000000
10000 24.32100870000022 1600000000
2 0.049803200000042125 64
5 6.690000009257346e-05 400
10 0.00016749999986132025 1600
15 0.00012169999990874203 3600
20 0.00018349999982092413 6400
25 0.000220299999909912 10000
50 0.00041439999995418475 40000
100 0.00044509999997899286 160000
200 0.0010139999999410065 640000
500 0.007588799999666662 4000000
1000 0.03961410000010801 16000000
2000 0.31420870000010837 64000000
5000 3.6598448999998254 400000000
10000 24.098170400000072 1600000000
2 0.050265000000308646 64
5 0.0003613000003497291 400
10 0.00023549999968963675 1600
15 0.0002251000000796921 3600
20 0.00023809999993318343 6400
25 0.00011079999967478216 10000
50 0.0002620000000206346 40000
100 0.0004592999998749292 160000
200 0.0009448999999221996 640000
500 0.00733829999990121 4000000
1000 0.04476459999978033 16000000
2000 0.309346000000005 64000000
5000 3.5017997999998443 400000000
10000 24.05379660000017 1600000000
2 0.0540899000002355 64
5 0.00017600000001039007 400
10 0.0001905999997688923 1600
15 0.00012729999980365392 3600
20 0.00024060000032477546 6400
25 0.00014910000027157366 10000
50 0.00025539999978718697 40000
100 0.0004517000002124405 160000
200 0.0010049999996226688 640000
500 0.00794739999992089 4000000
1000 0.04006270000036238 16000000
2000 0.312175500000194 64000000
5000 3.4769208000002436 400000000
10000 22.47260529999994 1600000000
2 0.05285060000005615 64
5 0.0001349999997728446 400
10 0.0002243999997517676 1600
15 0.00018940000018119463 3600
20 0.00020439999980226276 6400
25 0.00010160000010728254 10000
50 0.00028420000035112025 40000
100 0.00045180000006439514 160000
200 0.00094600000011269 640000
500 0.007589100000132021 4000000
1000 0.04479510000010123 16000000
2000 0.287779700000101 64000000
5000 3.47374630000013 400000000
10000 24.590082599999732 1600000000
2 0.05229199999985212 64
5 0.00036260000024412875 400
10 0.0002826999998433166 1600
15 0.00023989999999685097 3600
20 0.0002019999997173727 6400
25 0.0001658000001043547 10000
50 0.00025560000040059094 40000
100 0.00044959999968341435 160000
200 0.0009659000002102403 640000
500 0.007616899999902671 4000000
1000 0.0434783000000607 16000000
2000 0.3082061000000067 64000000
5000 3.6705739999997604 400000000
10000 23.273628599999938 1600000000
