2 0.00041190000001734006 64
5 0.00019649999967441545 400
10 0.00020939999967595213 1600
15 0.00020749999976032996 3600
20 0.00022699999999531428 6400
25 0.00015690000009271898 10000
50 0.000383700000384124 40000
100 0.000698499999998603 160000
200 0.0015281000000868517 640000
500 0.00837390000015148 4000000
1000 0.04073130000006131 16000000
2000 0.2811188000000584 64000000
5000 4.005861000000095 400000000
10000 22.204440799999702 1600000000
2 0.05297550000022966 64
5 0.0002934000003733672 400
10 0.0003318999997645733 1600
15 0.0003085999996983446 3600
20 0.00021960000003673485 6400
25 0.00021689999994123355 10000
50 0.0002959000003102119 40000
100 0.0004582999999911408 160000
200 0.0009954000001926033 640000
500 0.007570400000076916 4000000
1000 0.043725500000164175 16000000
2000 0.3260184999999183 64000000
5000 3.4695059000000583 400000000
10000 24.445147599999927 1600000000
2 0.053387299999940296 64
5 0.00019209999982194859 400
10 0.00022710000030201627 1600
15 0.00019720000000233995 3600
20 0.0001596000001882203 6400
25 0.00015549999989161734 10000
50 0.00022910000006959308 40000
100 0.00046960000008766656 160000
200 0.0009838000000854663 640000
500 0.006871400000363792 4000000
1000 0.04380639999999403 16000000
2000 0.28857819999984713 64000000
5000 3.5206836999996085 400000000
10000 23.488540199999534 1600000000
2 0.052051200000278186 64
5 0.00015450000046257628 400
10 0.0001329000006080605 1600
15 6.149999990157085e-05 3600
20 0.0001429999992978992 6400
25 9.109999973588856e-05 10000
50 0.0002164999996239203 40000
100 0.0004366000002846704 160000
200 0.0009387999998580199 640000
500 0.007411099999444559 4000000
1000 0.040119899999808695 16000000
2000 0.3119786999995995 64000000
5000 3.4208494000004066 400000000
10000 24.586246599999868 1600000000
2 0.051904799999647366 64
5 0.0002268999996886123 400
10 0.00023979999969014898 1600
15 0.00020029999996040715 3600
20 0.0002507999997760635 6400
25 0.00021410000044852495 10000
50 0.00023160000000643777 40000
100 0.0004540999998425832 160000
200 0.0009661999993113568 640000
500 0.007718399999248504 4000000
1000 0.039392599999700906 16000000
2000 0.3048177000000578 64000000
5000 3.399052499999925 400000000
10000 23.765025400000013 1600000000
2 0.05268549999982497 64
5 0.00017639999987295596 400
10 0.00019800000063696643 1600
15 0.00018499999987398041 3600
20 0.00020229999972798396 6400
25 0.00014940000073693227 10000
50 0.0002737000004344736 40000
100 0.00046019999990676297 160000
200 0.000984999999673164 640000
500 0.007537600000432576 4000000
1000 0.04467859999931534 16000000
2000 0.32864150000023074 64000000
5000 3.5041906999995263 400000000
10000 24.10907599999973 1600000000
2 0.05734840000059194 64
5 0.00020400000084919157 400
10 0.00018519999957788968 1600
15 0.00018200000067736255 3600
20 0.00020029999996040715 6400
25 0.0002092000004267902 10000
50 0.0002837000001818524 40000
100 0.0005001999998057727 160000
200 0.0010145999995074817 640000
500 0.006835299999693234 4000000
1000 0.04026739999972051 16000000
2000 0.3074473999995462 64000000
5000 3.4232905999997456 400000000
10000 23.146699999999328 1600000000
2 0.05472100000042701 64
5 0.0001421999995727674 400
10 0.0001291999997192761 1600
15 0.0001063999998223153 3600
20 0.0002446999997118837 6400
25 0.0002179000002797693 10000
50 0.00023499999952036887 40000
100 0.0004671000006055692 160000
200 0.0010627999999996973 640000
500 0.007571099999950093 4000000
1000 0.04545799999959854 16000000
2000 0.3210936000004949 64000000
5000 3.467201600000408 400000000
10000 23.607396899999912 1600000000
2 0.05368150000049354 64
5 0.00018290000025444897 400
10 0.00018499999987398041 1600
15 0.00018000000000029104 3600
20 0.00027580000005400507 6400
25 0.0002744999992501107 10000
50 0.00031259999923349824 40000
100 0.00045120000049792 160000
200 0.0009632999999666936 640000
500 0.007384999999885622 4000000
1000 0.04059589999997115 16000000
2000 0.313820699999269 64000000
5000 3.604398200000105 400000000
10000 23.2165772999997 1600000000
2 0.05604419999963284 64
5 0.0001573999998072395 400
10 0.00014479999936156673 1600
15 0.00010010000005422626 3600
20 0.00015050000001792796 6400
25 0.00011840000024676556 10000
50 0.00024930000017775455 40000
100 0.0004706999998234096 160000
200 0.0010541000001467182 640000
500 0.007647800000086136 4000000
1000 0.04623460000038904 16000000
2000 0.29891370000041206 64000000
5000 3.5187606999998025 400000000
10000 23.047175799999422 1600000000
